
Origem: SOLUCAO INICIAL
Tour: 0 26 15 22 49 31 1 51 19 50 43 38 18 55 30 42 48 35 52 23 53 9 12 11 20 41 16 13 10 27 24 17 2 36 47 33 7 39 3 29 8 34 32 37 44 5 28 40 46 45 54 4 6 25 14 21 0 
Not visited: 
Cost: 33023.3
Prize: 28560
Probabilidade: 0.999992
Min Prob: 0.7

Origem: Perturbacao
Tour: 0 34 22 21 39 9 5 44 10 2 43 16 33 31 25 35 46 14 13 54 28 1 38 49 20 27 23 45 18 53 50 55 12 15 29 40 37 48 11 0 
Not visited: 30 8 41 3 51 4 19 24 6 47 42 36 26 17 52 32 7 
Cost: 6673.07
Prize: 18882
Probabilidade: 0.74872
Min Prob: 0.7

Origem: Local search
Tour: 0 34 22 21 39 48 6 45 18 23 27 20 49 38 15 11 8 28 13 14 46 35 25 31 33 16 43 2 10 44 12 55 50 53 47 40 29 0 
Not visited: 30 54 41 3 51 4 19 24 5 1 42 36 26 17 52 32 7 37 9 
Cost: 4612.35
Prize: 18638
Probabilidade: 0.627792
Min Prob: 0.7

Origem: Perturbacao
Tour: 0 34 22 21 39 9 29 27 23 45 18 53 50 55 12 44 10 5 2 43 16 33 31 25 35 46 14 13 54 28 49 20 38 40 37 48 11 15 1 0 
Not visited: 30 8 41 3 51 4 19 24 6 47 42 36 26 17 52 32 7 
Cost: 6277.51
Prize: 18882
Probabilidade: 0.74872
Min Prob: 0.7

Origem: Local search
Tour: 0 34 22 21 39 9 48 37 40 29 3 31 33 16 43 2 5 10 44 12 55 50 53 18 45 23 20 49 38 15 8 41 28 54 13 14 46 25 35 0 
Not visited: 30 6 42 1 51 4 19 24 27 11 47 36 26 17 52 32 7 
Cost: 4286.24
Prize: 18900
Probabilidade: 0.654833
Min Prob: 0.7

Origem: Perturbacao
Tour: 0 34 22 21 39 9 45 18 53 50 55 12 44 10 2 17 43 16 33 31 25 35 46 14 13 54 28 27 23 49 20 29 40 37 48 11 15 1 38 0 
Not visited: 30 8 41 5 3 51 4 19 24 6 47 42 36 26 52 32 7 
Cost: 5882.52
Prize: 18699
Probabilidade: 0.751125
Min Prob: 0.7

Origem: Local search
Tour: 0 34 22 21 39 9 37 29 40 47 48 11 15 38 49 32 20 23 45 18 53 50 55 12 44 10 2 43 7 16 33 31 25 35 46 14 13 54 28 0 
Not visited: 30 8 41 5 3 51 4 19 24 6 42 1 36 26 52 27 17 
Cost: 4264.8
Prize: 18555
Probabilidade: 0.633911
Min Prob: 0.7

Origem: Perturbacao
Tour: 0 34 14 13 54 28 41 1 38 49 42 20 27 23 45 18 53 50 55 12 44 10 2 17 43 16 33 31 25 35 46 48 11 15 22 21 39 9 29 40 37 0 
Not visited: 30 8 5 3 51 4 19 24 6 47 36 26 52 32 7 
Cost: 5875.4
Prize: 19940
Probabilidade: 0.909186
Min Prob: 0.7

Origem: Local search
Tour: 0 34 22 21 39 9 37 40 29 33 16 7 43 2 10 44 12 55 50 53 18 45 23 27 20 32 49 38 15 11 8 41 28 54 13 14 52 46 35 0 
Not visited: 30 48 5 3 51 4 19 24 6 47 1 26 36 42 17 31 25 
Cost: 3969.09
Prize: 18893
Probabilidade: 0.701919
Min Prob: 0.7

Origem: Perturbacao
Tour: 0 34 22 21 39 9 46 35 44 12 55 50 53 18 45 6 23 27 20 42 32 49 38 15 11 8 41 28 54 13 14 52 4 33 16 7 43 2 10 37 40 29 0 
Not visited: 30 48 5 3 51 19 24 47 1 26 36 17 31 25 
Cost: 6852.42
Prize: 20887
Probabilidade: 0.881905
Min Prob: 0.7

Origem: Local search
Tour: 0 34 22 21 39 3 31 33 16 7 43 2 5 29 40 37 47 55 50 53 18 45 23 27 20 32 49 38 15 11 8 41 28 54 46 25 35 14 13 0 
Not visited: 30 24 10 52 51 42 12 44 1 26 36 17 4 48 19 6 9 
Cost: 4346.14
Prize: 19130
Probabilidade: 0.633785
Min Prob: 0.7

Origem: Perturbacao
Tour: 0 34 22 21 39 9 49 38 15 11 8 41 28 54 13 14 52 46 35 2 10 44 12 55 50 53 18 45 23 27 20 32 43 37 40 29 33 16 7 26 0 
Not visited: 30 48 5 3 51 4 19 24 6 47 1 36 42 17 31 25 
Cost: 6656.23
Prize: 19492
Probabilidade: 0.827323
Min Prob: 0.7

Origem: Local search
Tour: 0 34 22 21 39 11 15 1 36 8 41 28 54 13 14 52 46 35 33 16 2 10 44 12 55 50 53 18 45 23 27 20 42 48 37 40 29 0 
Not visited: 30 49 5 26 51 4 19 24 6 47 9 32 31 17 7 25 43 3 38 
Cost: 4515.88
Prize: 18760
Probabilidade: 0.713233
Min Prob: 0.7

Origem: Perturbacao
Tour: 0 34 22 21 39 9 13 14 52 46 35 12 55 50 53 18 45 23 27 20 32 49 38 15 11 8 41 28 54 4 51 43 2 10 44 37 40 29 33 16 7 0 
Not visited: 30 48 5 3 19 24 6 47 1 26 36 42 17 31 25 
Cost: 7196.79
Prize: 20093
Probabilidade: 0.846954
Min Prob: 0.7

Origem: Local search
Tour: 0 34 22 21 39 9 3 33 16 43 2 5 29 40 37 47 55 50 53 18 45 23 27 20 32 49 38 15 11 8 41 28 54 52 46 25 35 14 13 0 
Not visited: 30 7 44 26 19 24 6 12 1 51 36 42 17 4 31 10 48 
Cost: 4357.19
Prize: 19533
Probabilidade: 0.712021
Min Prob: 0.7

Origem: Perturbacao
Tour: 0 34 22 21 39 9 53 18 45 23 27 20 32 49 38 15 11 8 41 28 54 13 14 52 46 35 25 3 12 55 50 16 7 43 2 10 44 37 40 29 33 0 
Not visited: 30 48 5 51 4 19 24 6 47 1 26 36 42 17 31 
Cost: 6839.63
Prize: 19945
Probabilidade: 0.791835
Min Prob: 0.7

Origem: Local search
Tour: 0 34 22 21 39 9 48 6 45 18 27 20 49 38 15 11 8 41 28 54 13 14 52 46 35 25 31 33 16 43 2 5 55 50 53 47 40 29 0 
Not visited: 30 10 44 51 4 19 24 23 12 1 26 36 42 7 3 17 37 32 
Cost: 4632.49
Prize: 19225
Probabilidade: 0.710512
Min Prob: 0.7

Origem: Perturbacao
Tour: 0 34 22 21 39 9 37 40 11 8 41 28 54 13 14 52 46 35 47 50 53 18 45 23 27 20 32 49 38 15 43 17 2 10 44 12 55 29 33 16 7 4 0 
Not visited: 30 48 5 3 51 19 24 6 1 26 36 42 31 25 
Cost: 7620.7
Prize: 20563
Probabilidade: 0.850743
Min Prob: 0.7

Origem: Local search
Tour: 0 34 22 21 39 9 37 40 29 33 16 7 43 2 10 44 12 55 50 53 18 45 23 27 20 32 49 38 15 11 8 41 28 54 13 14 52 46 35 0 
Not visited: 30 47 5 4 51 19 24 6 1 26 36 3 17 42 31 48 25 
Cost: 3969.09
Prize: 18893
Probabilidade: 0.701919
Min Prob: 0.7

Origem: Perturbacao
Tour: 0 34 22 21 39 9 54 13 14 52 46 35 2 10 44 12 55 50 53 18 45 23 27 20 32 49 38 15 11 8 41 28 16 7 26 43 37 40 29 33 0 
Not visited: 30 48 5 3 51 4 19 24 6 47 1 36 42 17 31 25 
Cost: 6409.65
Prize: 19492
Probabilidade: 0.827323
Min Prob: 0.7

Origem: Local search
Tour: 0 34 22 21 3 31 33 16 7 43 29 40 5 10 44 12 55 50 53 18 45 23 27 20 32 49 38 15 11 8 41 28 54 52 46 35 14 13 0 
Not visited: 30 48 2 37 51 4 19 24 6 47 1 36 42 26 9 25 17 39 
Cost: 4369.23
Prize: 18656
Probabilidade: 0.676163
Min Prob: 0.7

Origem: Perturbacao
Tour: 0 34 22 21 39 9 37 40 13 14 52 46 35 25 44 12 55 50 53 18 45 23 27 20 42 32 49 38 15 11 8 41 28 54 17 43 2 10 29 33 16 7 0 
Not visited: 30 48 5 3 51 4 19 24 6 47 1 26 36 31 
Cost: 7228.3
Prize: 20486
Probabilidade: 0.880986
Min Prob: 0.7

Origem: Local search
Tour: 0 34 22 21 39 9 37 40 29 33 16 7 17 43 2 44 12 55 50 53 18 45 23 27 20 32 49 38 15 11 8 41 28 54 52 46 25 35 14 13 0 
Not visited: 30 48 10 5 51 4 42 24 6 47 1 3 36 31 19 26 
Cost: 4050.86
Prize: 19228
Probabilidade: 0.704587
Min Prob: 0.7

Origem: Perturbacao
Tour: 0 34 22 55 50 53 18 45 23 27 20 32 49 38 15 11 8 41 28 54 13 14 52 46 35 31 4 26 7 43 2 10 44 12 40 29 33 16 21 39 9 37 0 
Not visited: 30 48 5 3 51 19 24 6 47 1 36 42 17 25 
Cost: 6434.67
Prize: 20592
Probabilidade: 0.918072
Min Prob: 0.7

Origem: Local search
Tour: 0 34 22 21 39 9 48 6 55 50 53 18 45 23 27 20 32 49 38 15 11 8 41 28 54 13 14 52 46 35 25 31 33 16 2 5 40 29 3 0 
Not visited: 30 26 12 7 51 19 24 47 37 1 36 42 17 4 44 10 43 
Cost: 4493.7
Prize: 19433
Probabilidade: 0.70719
Min Prob: 0.7

Origem: Perturbacao
Tour: 0 34 22 52 46 35 43 2 10 44 12 55 50 53 24 18 45 23 27 20 32 49 38 15 11 8 41 28 54 13 14 9 37 40 29 33 16 7 21 39 0 
Not visited: 30 48 5 3 51 4 19 6 47 1 26 36 42 17 31 25 
Cost: 5961.92
Prize: 19251
Probabilidade: 0.753663
Min Prob: 0.7

Origem: Local search
Tour: 0 34 22 21 39 9 48 47 37 3 29 40 5 10 44 12 55 50 53 24 18 45 23 27 20 32 49 38 15 11 8 41 28 54 13 14 52 46 25 35 0 
Not visited: 30 31 2 7 51 4 19 6 33 1 26 36 42 17 43 16 
Cost: 4200.3
Prize: 19544
Probabilidade: 0.692352
Min Prob: 0.7

Origem: Perturbacao
Tour: 0 34 22 6 53 18 45 23 27 20 32 49 38 36 15 11 8 41 28 54 13 14 52 46 35 29 33 16 7 43 2 10 44 12 55 50 40 21 39 9 37 0 
Not visited: 30 48 5 3 51 4 19 24 47 1 26 42 17 31 25 
Cost: 5991.82
Prize: 20031
Probabilidade: 0.809441
Min Prob: 0.7

Origem: Local search
Tour: 0 34 9 48 6 45 18 53 50 55 12 44 10 2 43 16 33 31 25 35 46 52 14 13 54 28 41 8 11 15 1 38 49 42 39 21 22 0 
Not visited: 30 40 5 37 51 4 20 23 47 36 26 24 17 29 3 27 19 32 7 
Cost: 4082.48
Prize: 18111
Probabilidade: 0.702901
Min Prob: 0.7

Origem: Perturbacao
Tour: 0 34 22 21 39 9 37 40 52 46 35 55 50 53 18 45 23 27 20 32 49 38 15 11 8 41 28 54 13 14 3 10 44 12 29 33 16 7 51 43 2 0 
Not visited: 30 48 5 4 19 24 6 47 1 26 36 42 17 31 25 
Cost: 7507.02
Prize: 20044
Probabilidade: 0.860673
Min Prob: 0.7

Origem: Local search
Tour: 0 34 22 21 39 9 3 31 33 16 7 26 17 43 29 40 47 50 53 18 45 23 27 20 49 38 15 11 8 41 28 54 13 14 52 46 25 35 0 
Not visited: 30 12 10 4 19 24 6 55 1 5 36 42 51 2 44 48 37 32 
Cost: 4176.27
Prize: 18723
Probabilidade: 0.712753
Min Prob: 0.7

Origem: Perturbacao
Tour: 0 34 22 21 39 9 42 49 38 15 11 8 41 28 54 13 14 52 46 35 10 44 12 55 50 53 18 45 23 27 20 32 6 43 2 37 40 29 33 16 7 51 0 
Not visited: 30 48 5 3 4 19 24 47 1 26 36 17 31 25 
Cost: 7091.49
Prize: 20893
Probabilidade: 0.923979
Min Prob: 0.7

Origem: Local search
Tour: 0 34 22 21 39 9 48 47 37 40 29 3 31 33 16 5 55 50 53 18 45 23 20 32 49 38 15 11 8 41 28 54 13 14 52 46 25 35 0 
Not visited: 30 44 43 51 4 6 24 2 1 26 36 17 7 10 27 19 12 42 
Cost: 4214.55
Prize: 18681
Probabilidade: 0.609506
Min Prob: 0.7

Origem: Perturbacao
Tour: 0 34 22 21 42 27 20 32 49 38 15 11 8 41 28 54 13 14 52 46 35 5 12 55 50 53 18 45 23 7 43 2 10 44 39 9 37 40 29 33 16 0 
Not visited: 30 48 3 51 4 19 24 6 47 1 26 36 17 31 25 
Cost: 7199.77
Prize: 20165
Probabilidade: 0.859236
Min Prob: 0.7

Origem: Local search
Tour: 0 34 9 37 29 40 47 6 45 18 53 50 55 5 2 16 33 31 25 35 46 52 14 13 54 28 41 8 11 15 36 1 38 49 42 39 21 22 0 
Not visited: 30 12 7 51 4 20 24 23 27 19 26 32 17 3 10 43 48 44 
Cost: 4336.93
Prize: 19016
Probabilidade: 0.671362
Min Prob: 0.7

Origem: Perturbacao
Tour: 0 34 22 21 39 9 37 38 36 15 11 8 41 28 54 13 14 52 46 35 27 20 32 49 6 44 12 55 50 53 18 45 23 40 29 33 16 7 43 2 10 0 
Not visited: 30 48 5 3 51 4 19 24 47 1 26 42 17 31 25 
Cost: 6884.99
Prize: 20031
Probabilidade: 0.809441
Min Prob: 0.7

Origem: Local search
Tour: 0 34 3 31 33 16 7 43 29 40 5 44 12 55 50 53 18 45 23 27 20 49 38 1 36 15 11 8 41 28 54 13 14 52 46 25 35 0 
Not visited: 30 48 47 10 51 4 19 24 9 37 26 42 17 2 39 21 6 22 32 
Cost: 4147.16
Prize: 18794
Probabilidade: 0.713128
Min Prob: 0.7

Origem: Perturbacao
Tour: 0 34 22 42 45 23 27 20 32 49 38 15 11 8 41 28 54 13 14 52 46 35 10 44 12 55 50 53 18 47 37 40 29 33 16 7 51 43 2 21 39 9 0 
Not visited: 30 48 5 3 4 19 24 6 1 26 36 17 31 25 
Cost: 6524.57
Prize: 21026
Probabilidade: 0.940994
Min Prob: 0.7

Origem: Local search
Tour: 0 34 9 48 6 53 50 55 5 2 43 7 16 33 31 25 35 46 52 14 13 54 28 41 8 11 15 38 49 32 20 27 42 39 21 22 0 
Not visited: 30 45 44 12 4 19 24 18 1 26 36 51 3 10 17 37 29 40 47 23 
Cost: 4318.1
Prize: 17739
Probabilidade: 0.59062
Min Prob: 0.7

Origem: Perturbacao
Tour: 0 34 22 21 39 9 15 11 8 41 28 54 13 14 52 46 35 25 2 10 44 12 55 50 53 18 45 23 27 20 32 49 38 47 43 37 40 29 33 16 7 26 0 
Not visited: 30 48 5 3 51 4 19 24 6 1 36 42 17 31 
Cost: 6727.1
Prize: 20753
Probabilidade: 0.901906
Min Prob: 0.7

Origem: Local search
Tour: 0 34 22 21 39 9 37 40 29 33 16 2 10 44 12 55 50 53 18 45 23 27 20 49 38 1 36 15 11 8 41 28 54 13 14 52 46 35 0 
Not visited: 30 3 5 26 51 4 19 24 6 48 42 47 17 7 31 43 32 25 
Cost: 3901.9
Prize: 18623
Probabilidade: 0.70042
Min Prob: 0.7

Origem: Perturbacao
Tour: 0 34 50 53 18 45 23 27 20 49 38 1 36 15 11 8 41 28 54 13 14 52 46 35 16 43 2 10 44 12 30 55 33 22 21 39 9 37 40 29 0 
Not visited: 3 5 26 51 4 19 24 6 48 42 47 17 7 31 32 25 
Cost: 6563.03
Prize: 19892
Probabilidade: 0.897086
Min Prob: 0.7

Origem: Local search
Tour: 0 34 22 21 39 9 37 40 29 33 16 2 10 44 55 50 53 18 45 23 27 20 49 38 1 36 15 11 8 41 28 54 13 14 52 46 35 0 
Not visited: 3 5 26 51 4 19 12 30 43 42 47 17 7 31 32 25 6 24 48 
Cost: 3898.66
Prize: 18249
Probabilidade: 0.629895
Min Prob: 0.7

Origem: Perturbacao
Tour: 0 34 22 21 39 9 37 40 36 15 11 8 41 28 54 13 14 52 46 35 49 38 1 32 55 50 53 18 45 23 27 20 29 33 16 2 10 44 12 0 
Not visited: 30 3 5 26 51 4 19 24 6 48 42 47 17 7 31 43 25 
Cost: 6692.86
Prize: 19035
Probabilidade: 0.741556
Min Prob: 0.7

Origem: Local search
Tour: 0 34 22 21 39 9 48 37 40 29 33 16 2 10 44 12 55 50 53 18 45 23 27 20 32 49 38 1 36 15 11 8 41 28 54 13 14 35 25 0 
Not visited: 30 3 5 26 51 4 19 47 42 24 52 6 17 7 31 43 46 
Cost: 3951.08
Prize: 18737
Probabilidade: 0.680745
Min Prob: 0.7

Origem: Perturbacao
Tour: 0 34 22 21 39 9 11 8 41 28 54 13 14 52 46 35 25 50 53 18 45 23 27 20 49 38 1 36 15 12 55 37 40 29 33 16 2 10 44 0 
Not visited: 30 3 5 26 51 4 19 24 6 48 42 47 17 7 31 43 32 
Cost: 6926.67
Prize: 19127
Probabilidade: 0.735396
Min Prob: 0.7

Origem: Local search
Tour: 0 34 22 21 39 11 15 36 1 38 49 32 20 27 23 18 45 6 48 9 37 40 29 5 10 2 16 33 31 25 35 46 52 14 13 54 28 41 8 0 
Not visited: 30 47 44 26 51 4 19 24 53 55 12 50 17 7 3 43 42 
Cost: 4325.49
Prize: 19263
Probabilidade: 0.661712
Min Prob: 0.7

Origem: Perturbacao
Tour: 0 34 22 21 29 33 16 2 10 44 12 55 50 53 18 45 23 27 20 32 49 38 1 36 15 11 8 41 28 54 13 14 52 46 35 40 9 37 39 0 
Not visited: 30 3 5 26 51 4 19 24 6 48 42 47 17 7 31 43 25 
Cost: 5140.3
Prize: 19035
Probabilidade: 0.741556
Min Prob: 0.7

Origem: Local search
Tour: 0 35 25 46 52 14 13 54 28 41 8 11 15 36 1 38 49 32 20 27 23 45 18 53 50 55 12 44 10 2 16 33 29 40 37 9 21 22 0 
Not visited: 30 3 5 26 51 4 19 24 6 34 42 47 17 7 31 43 48 39 
Cost: 3973.28
Prize: 18674
Probabilidade: 0.679772
Min Prob: 0.7

Origem: Perturbacao
Tour: 0 34 22 21 39 9 37 28 54 13 14 52 46 35 55 50 53 18 45 23 27 20 49 38 1 36 15 11 8 41 2 10 44 12 40 29 33 16 4 31 3 0 
Not visited: 30 5 26 51 19 24 6 48 42 47 17 7 43 32 25 
Cost: 6893.85
Prize: 20271
Probabilidade: 0.877073
Min Prob: 0.7

Origem: Local search
Tour: 0 34 22 21 39 3 31 33 16 29 40 5 10 44 12 55 50 53 18 45 23 27 20 49 38 1 15 11 8 41 28 54 13 14 52 46 35 0 
Not visited: 30 2 26 51 19 24 6 42 37 47 17 4 43 32 25 7 48 36 9 
Cost: 4168.22
Prize: 18207
Probabilidade: 0.632512
Min Prob: 0.7

Origem: Perturbacao
Tour: 0 34 22 21 39 9 14 52 46 35 23 27 20 49 38 1 36 15 11 8 41 28 54 13 3 10 44 12 55 50 53 18 45 37 40 29 33 16 2 0 
Not visited: 30 5 26 51 4 19 24 6 48 42 47 17 7 31 43 32 25 
Cost: 6504.87
Prize: 19171
Probabilidade: 0.76152
Min Prob: 0.7

Origem: Local search
Tour: 0 34 22 21 39 48 9 3 31 29 40 37 47 5 44 12 55 50 53 18 45 6 23 27 20 49 38 1 36 15 11 8 41 28 54 13 14 35 25 0 
Not visited: 30 10 26 51 4 19 24 33 52 42 16 17 7 2 43 32 46 
Cost: 4299.79
Prize: 19175
Probabilidade: 0.691708
Min Prob: 0.7

Origem: Perturbacao
Tour: 0 34 22 21 13 14 52 46 35 55 50 53 24 18 45 23 27 20 49 38 1 36 15 11 8 41 28 54 3 31 33 16 2 10 44 12 39 9 37 40 29 0 
Not visited: 30 5 26 51 4 19 6 48 42 47 17 7 43 32 25 
Cost: 6428.85
Prize: 20032
Probabilidade: 0.884454
Min Prob: 0.7

Origem: Local search
Tour: 0 34 22 21 39 9 37 40 29 31 33 16 2 10 44 12 55 50 53 18 45 23 20 49 38 1 36 15 11 8 41 28 54 52 46 35 14 13 0 
Not visited: 30 5 26 51 4 19 24 25 42 6 17 7 43 32 27 47 3 48 
Cost: 4030.16
Prize: 18386
Probabilidade: 0.704902
Min Prob: 0.7

Origem: Perturbacao
Tour: 0 34 22 1 36 15 11 8 41 28 54 13 14 52 46 35 31 16 2 10 44 12 55 50 53 18 45 23 27 20 42 49 38 39 9 37 40 29 33 21 0 
Not visited: 30 3 5 26 51 4 19 24 6 48 47 17 7 43 32 25 
Cost: 5587.23
Prize: 19899
Probabilidade: 0.901933
Min Prob: 0.7

Origem: Local search
Tour: 0 34 9 48 42 20 27 23 45 18 53 50 55 12 44 10 5 40 29 3 35 46 52 14 13 54 28 41 8 11 15 1 38 49 39 21 22 0 
Not visited: 30 37 2 26 51 4 19 24 6 16 47 17 7 43 36 25 31 32 33 
Cost: 4135.6
Prize: 18492
Probabilidade: 0.707964
Min Prob: 0.7

Origem: Perturbacao
Tour: 0 34 22 21 39 9 11 8 41 28 54 13 14 52 46 35 12 55 50 53 18 45 23 27 20 49 38 1 36 15 2 10 44 37 40 29 33 17 16 0 
Not visited: 30 3 5 26 51 4 19 24 6 48 42 47 7 31 43 32 25 
Cost: 6805.6
Prize: 18939
Probabilidade: 0.744899
Min Prob: 0.7

Origem: Local search
Tour: 0 34 22 3 31 29 40 37 9 39 48 47 6 55 50 53 18 45 23 27 20 49 38 1 36 15 11 8 41 28 54 13 14 52 46 25 35 0 
Not visited: 30 16 5 26 51 4 19 24 10 44 2 12 17 7 43 32 42 33 21 
Cost: 4053.75
Prize: 18934
Probabilidade: 0.722337
Min Prob: 0.7

Origem: Perturbacao
Tour: 0 34 22 21 39 9 37 40 15 11 8 41 28 54 13 14 52 46 35 55 50 53 18 45 23 27 20 49 38 1 36 32 12 29 33 16 2 10 44 0 
Not visited: 30 3 5 26 51 4 19 24 6 48 42 47 17 7 31 43 25 
Cost: 7251.78
Prize: 19035
Probabilidade: 0.741556
Min Prob: 0.7

Origem: Local search
Tour: 0 34 22 21 39 9 48 11 15 36 1 38 49 32 20 27 23 45 18 53 50 47 40 29 5 2 16 33 31 35 46 52 14 13 54 28 0 
Not visited: 30 37 10 26 51 4 19 24 6 44 12 55 17 7 3 43 25 8 41 42 
Cost: 4059.91
Prize: 17716
Probabilidade: 0.553312
Min Prob: 0.7

Origem: Perturbacao
Tour: 0 34 22 21 15 11 8 41 28 54 13 14 52 46 35 50 53 18 45 23 27 20 49 38 1 36 19 10 44 12 55 39 9 37 40 29 33 16 2 0 
Not visited: 30 3 5 26 51 4 24 6 48 42 47 17 7 31 43 32 25 
Cost: 7114.99
Prize: 19302
Probabilidade: 0.829762
Min Prob: 0.7

Origem: Local search
Tour: 0 34 22 21 39 9 48 11 15 36 1 38 49 32 20 27 23 24 18 45 6 47 37 40 29 33 31 3 25 35 46 52 14 13 54 28 41 8 0 
Not visited: 30 2 5 26 51 4 12 44 19 53 55 17 7 16 43 10 50 42 
Cost: 4085.29
Prize: 18718
Probabilidade: 0.557819
Min Prob: 0.7

Origem: Perturbacao
Tour: 0 48 18 45 23 27 20 49 38 1 36 15 11 8 41 28 54 13 14 52 46 35 4 16 2 10 44 12 55 50 53 37 40 29 33 3 34 22 21 39 9 0 
Not visited: 30 5 26 51 19 24 6 42 47 17 7 31 43 32 25 
Cost: 5952.62
Prize: 20321
Probabilidade: 0.867646
Min Prob: 0.7

Origem: Local search
Tour: 0 34 22 21 39 9 48 45 18 27 20 49 38 1 15 11 8 41 28 54 13 14 52 46 35 25 31 33 2 10 44 12 55 50 53 47 40 29 0 
Not visited: 30 5 26 51 19 24 23 42 16 17 7 4 43 32 37 36 3 6 
Cost: 4608.43
Prize: 18713
Probabilidade: 0.703027
Min Prob: 0.7

Origem: Perturbacao
Tour: 0 34 22 21 39 41 28 54 13 14 52 46 35 53 24 18 45 23 27 20 49 38 1 36 15 11 8 33 4 16 2 10 44 12 55 50 9 37 40 29 0 
Not visited: 30 3 5 26 51 19 6 48 42 47 17 7 31 43 32 25 
Cost: 6638.33
Prize: 19578
Probabilidade: 0.789245
Min Prob: 0.7

Origem: Local search
Tour: 0 34 22 21 11 15 36 1 38 49 20 27 18 45 6 48 37 29 40 47 50 55 12 44 10 2 43 16 33 31 25 35 46 52 14 13 54 28 0 
Not visited: 30 8 5 26 51 19 23 24 42 53 17 4 3 7 32 41 9 39 
Cost: 4319.28
Prize: 18907
Probabilidade: 0.70977
Min Prob: 0.7

Origem: Perturbacao
Tour: 0 34 45 23 27 20 49 38 1 36 15 11 8 41 28 54 13 14 52 46 35 50 53 18 47 33 16 2 10 44 12 55 22 21 39 9 37 40 29 0 
Not visited: 30 3 5 26 51 4 19 24 6 48 42 17 7 31 43 32 25 
Cost: 6673.55
Prize: 19380
Probabilidade: 0.787842
Min Prob: 0.7

Origem: Local search
Tour: 0 34 22 21 39 9 48 37 40 29 5 2 10 44 12 55 50 53 18 45 23 20 32 49 38 1 36 15 11 8 41 28 54 13 14 52 46 25 35 0 
Not visited: 30 3 16 26 51 4 19 24 33 6 27 17 7 31 43 42 47 
Cost: 3784.24
Prize: 18794
Probabilidade: 0.649047
Min Prob: 0.7

Origem: Perturbacao
Tour: 0 34 22 45 23 27 20 32 49 38 1 36 15 11 8 41 28 54 13 14 52 46 35 51 2 10 44 12 55 50 53 18 9 37 40 29 33 16 21 39 0 
Not visited: 30 3 5 26 4 19 24 6 48 42 47 17 7 31 43 25 
Cost: 6198.71
Prize: 19638
Probabilidade: 0.847125
Min Prob: 0.7

Origem: Local search
Tour: 0 34 9 48 6 45 53 50 55 12 44 10 5 40 29 3 35 46 52 14 13 54 28 41 8 11 15 1 38 49 32 20 27 42 39 21 22 0 
Not visited: 30 31 2 26 4 19 24 16 18 37 33 17 7 51 43 25 47 36 23 
Cost: 4269.43
Prize: 18551
Probabilidade: 0.599477
Min Prob: 0.7

Origem: Perturbacao
Tour: 0 34 22 21 39 9 37 40 46 35 23 27 20 49 38 1 36 15 11 8 41 28 54 13 14 52 55 50 53 18 45 29 33 16 7 2 10 44 12 0 
Not visited: 30 3 5 26 51 4 19 24 6 48 42 47 17 31 43 32 25 
Cost: 7224.84
Prize: 18966
Probabilidade: 0.742979
Min Prob: 0.7

Origem: Local search
Tour: 0 34 22 21 39 9 48 37 40 29 5 2 10 44 12 55 50 53 18 45 23 27 20 19 32 49 38 1 36 15 11 8 41 28 54 13 14 0 
Not visited: 30 46 16 26 51 4 42 24 3 35 33 52 17 31 7 47 25 6 43 
Cost: 3587.57
Prize: 18126
Probabilidade: 0.627744
Min Prob: 0.7

Origem: Perturbacao
Tour: 0 34 22 27 20 32 49 38 1 36 15 11 8 41 28 54 13 14 52 46 35 3 10 44 12 30 55 50 53 18 45 23 9 37 40 29 33 16 2 21 39 0 
Not visited: 5 26 51 4 19 24 6 48 42 47 17 7 31 43 25 
Cost: 6159.61
Prize: 20223
Probabilidade: 0.8827
Min Prob: 0.7

Origem: Local search
Tour: 0 34 22 21 39 9 48 42 49 32 19 38 1 36 15 11 8 41 28 54 13 14 52 46 35 3 29 40 44 12 55 50 53 18 45 6 47 37 0 
Not visited: 10 26 51 4 20 24 33 2 27 16 17 7 31 43 25 23 30 5 
Cost: 4399.84
Prize: 18946
Probabilidade: 0.707111
Min Prob: 0.7

Origem: Perturbacao
Tour: 0 34 22 21 39 6 53 18 45 23 27 20 49 38 1 36 15 11 8 41 28 54 13 14 52 46 35 55 50 33 16 43 2 10 44 12 9 37 40 29 0 
Not visited: 30 3 5 26 51 4 19 24 48 42 47 17 7 31 32 25 
Cost: 6510.36
Prize: 19876
Probabilidade: 0.845972
Min Prob: 0.7

Origem: Local search
Tour: 0 34 22 9 48 6 45 18 23 27 20 49 38 1 36 15 11 8 41 28 54 13 14 46 35 25 31 33 16 43 2 10 44 12 47 37 40 29 0 
Not visited: 30 50 5 26 51 4 19 55 53 42 52 17 7 3 32 39 21 24 
Cost: 4582.94
Prize: 19256
Probabilidade: 0.706081
Min Prob: 0.7

Origem: Perturbacao
Tour: 0 34 22 21 39 9 37 49 38 1 36 15 11 8 41 28 54 13 14 52 46 35 44 12 55 50 53 18 45 23 27 20 29 33 16 17 2 10 40 0 
Not visited: 30 3 5 26 51 4 19 24 6 48 42 47 7 31 43 32 25 
Cost: 6248.44
Prize: 18939
Probabilidade: 0.744899
Min Prob: 0.7

Origem: Local search
Tour: 0 34 9 48 6 45 18 53 50 55 47 37 40 29 16 7 33 31 25 35 46 52 14 13 54 28 41 8 11 15 36 1 38 49 42 39 21 22 0 
Not visited: 30 44 10 26 51 4 19 24 27 23 20 12 2 3 17 32 5 43 
Cost: 4246.73
Prize: 18874
Probabilidade: 0.701689
Min Prob: 0.7

Origem: Perturbacao
Tour: 0 34 27 20 49 38 1 36 15 11 8 41 28 54 13 14 52 46 35 25 47 53 18 45 23 16 2 10 44 12 55 50 22 21 39 9 37 40 29 33 0 
Not visited: 30 3 5 26 51 4 19 24 6 48 42 17 7 31 43 32 
Cost: 7049.88
Prize: 19884
Probabilidade: 0.814904
Min Prob: 0.7

Origem: Local search
Tour: 0 34 22 21 39 9 48 42 49 38 1 36 15 11 8 41 28 54 13 14 52 46 35 25 3 29 40 5 10 44 12 55 50 53 18 45 6 47 37 0 
Not visited: 30 33 16 26 51 4 19 24 23 27 20 17 7 31 43 32 2 
Cost: 4277.33
Prize: 19343
Probabilidade: 0.675004
Min Prob: 0.7

Origem: Perturbacao
Tour: 0 34 22 21 39 9 37 23 27 20 42 32 49 38 1 36 15 11 8 41 28 54 13 14 52 46 35 33 16 7 2 10 44 12 55 50 53 18 45 29 40 0 
Not visited: 30 3 5 26 51 4 19 24 6 48 47 17 31 43 25 
Cost: 5187.05
Prize: 20151
Probabilidade: 0.883767
Min Prob: 0.7

Origem: Local search
Tour: 0 34 22 21 39 9 48 42 11 15 36 1 38 49 20 27 23 45 18 53 50 55 12 44 10 2 16 33 35 46 52 14 13 54 28 41 0 
Not visited: 30 3 5 26 51 4 6 24 29 40 47 17 31 7 25 19 43 37 8 32 
Cost: 3972.47
Prize: 17590
Probabilidade: 0.704836
Min Prob: 0.7

Origem: Perturbacao
Tour: 0 49 38 1 36 15 11 8 41 28 54 13 14 52 46 35 4 33 16 2 10 44 12 55 50 53 18 45 23 27 20 37 40 29 34 22 21 39 9 0 
Not visited: 30 3 5 26 51 19 24 6 48 42 47 17 7 31 43 32 25 
Cost: 5345.71
Prize: 19220
Probabilidade: 0.742125
Min Prob: 0.7

Origem: Local search
Tour: 0 34 22 21 39 49 38 1 15 11 8 41 28 54 13 14 52 46 35 31 33 16 2 10 44 12 55 50 53 18 45 23 27 20 37 40 29 3 0 
Not visited: 30 9 5 26 51 19 24 6 48 42 47 17 7 4 43 32 25 36 
Cost: 4550.58
Prize: 18641
Probabilidade: 0.710856
Min Prob: 0.7

Origem: Perturbacao
Tour: 0 34 22 21 39 9 37 40 28 54 13 14 52 46 35 55 50 53 18 45 23 27 20 49 38 1 36 15 11 8 41 10 44 12 29 33 16 51 2 0 
Not visited: 30 3 5 26 4 19 24 6 48 42 47 17 7 31 43 32 25 
Cost: 7406.55
Prize: 19226
Probabilidade: 0.817671
Min Prob: 0.7

Origem: Local search
Tour: 0 34 22 21 39 9 37 40 29 33 16 2 10 44 12 55 50 53 18 45 23 27 20 49 38 1 36 15 11 8 41 28 54 52 46 35 14 13 0 
Not visited: 30 31 3 26 4 19 24 6 48 42 25 17 51 5 7 32 47 43 
Cost: 3885.61
Prize: 18623
Probabilidade: 0.70042
Min Prob: 0.7

Origem: Perturbacao
Tour: 0 34 22 21 39 55 50 53 18 45 23 27 20 42 49 38 1 36 15 11 8 41 28 54 52 46 25 35 14 13 12 33 16 51 2 10 44 9 37 40 29 0 
Not visited: 30 31 3 26 4 19 24 6 48 17 5 7 32 47 43 
Cost: 7013.02
Prize: 20503
Probabilidade: 0.922002
Min Prob: 0.7

Origem: Local search
Tour: 0 34 22 21 39 6 50 53 18 45 23 27 20 32 49 38 1 15 11 8 41 28 54 13 14 52 46 35 25 31 33 16 43 2 5 47 37 40 29 0 
Not visited: 30 12 3 26 4 19 24 55 48 17 44 7 42 9 51 10 36 
Cost: 4677.71
Prize: 19466
Probabilidade: 0.705122
Min Prob: 0.7

Origem: Perturbacao
Tour: 0 34 22 45 23 27 20 49 38 1 36 15 11 8 41 28 54 52 46 35 14 13 4 16 2 10 44 12 55 50 53 18 37 40 29 33 21 39 9 0 
Not visited: 30 31 3 26 19 24 6 48 42 25 17 51 5 7 32 47 43 
Cost: 6055.66
Prize: 19220
Probabilidade: 0.742125
Min Prob: 0.7

Origem: Local search
Tour: 0 34 9 37 29 40 47 53 50 55 12 44 10 2 33 31 25 35 46 14 13 54 28 41 8 11 15 36 1 38 49 20 27 42 39 21 22 0 
Not visited: 30 4 3 26 19 24 6 16 45 52 17 51 5 7 32 18 43 48 23 
Cost: 4491.65
Prize: 18102
Probabilidade: 0.598113
Min Prob: 0.7

Origem: Perturbacao
Tour: 0 46 35 14 13 29 33 16 2 10 44 12 55 50 53 18 45 23 27 20 32 49 38 1 36 15 11 8 41 28 54 52 9 37 40 34 22 21 39 0 
Not visited: 30 31 3 26 4 19 24 6 48 42 25 17 51 5 7 47 43 
Cost: 5560.71
Prize: 19035
Probabilidade: 0.741556
Min Prob: 0.7

Origem: Local search
Tour: 0 25 35 14 13 54 28 41 8 11 15 36 1 38 49 20 27 23 45 18 53 50 55 12 44 10 2 16 33 31 29 40 37 48 9 39 21 22 0 
Not visited: 30 47 34 26 4 19 24 6 52 42 46 17 51 5 7 3 43 32 
Cost: 4066.79
Prize: 18298
Probabilidade: 0.700405
Min Prob: 0.7

Origem: Perturbacao
Tour: 0 34 22 21 39 9 52 46 35 14 13 20 49 38 1 36 15 11 8 41 28 54 47 12 55 50 53 18 45 23 27 37 40 29 33 16 7 2 10 44 0 
Not visited: 30 31 3 26 4 19 24 6 48 42 25 17 51 5 32 43 
Cost: 7040.55
Prize: 19723
Probabilidade: 0.821159
Min Prob: 0.7

Origem: Local search
Tour: 0 34 22 21 9 37 40 29 33 16 43 2 5 47 6 45 18 55 50 53 24 27 20 49 38 1 15 11 8 41 28 54 13 14 52 46 25 35 0 
Not visited: 30 31 3 26 4 19 10 12 23 42 48 17 51 44 32 7 36 39 
Cost: 4216.93
Prize: 19186
Probabilidade: 0.679761
Min Prob: 0.7

Origem: Perturbacao
Tour: 0 18 45 23 27 20 49 38 1 36 15 11 8 41 28 54 52 46 25 35 14 13 16 43 2 10 44 12 55 50 53 29 33 34 22 21 39 9 37 40 0 
Not visited: 30 31 3 26 4 19 24 6 48 42 17 51 5 7 32 47 
Cost: 6232.87
Prize: 19756
Probabilidade: 0.841398
Min Prob: 0.7

Origem: Local search
Tour: 0 34 22 21 39 42 23 27 20 49 38 1 36 15 11 8 41 28 54 13 14 35 31 33 16 2 10 44 12 55 50 53 47 40 29 3 0 
Not visited: 30 52 37 26 4 19 24 6 18 45 17 51 5 7 32 46 48 43 25 9 
Cost: 4433.38
Prize: 17927
Probabilidade: 0.674085
Min Prob: 0.7

Origem: Perturbacao
Tour: 0 34 6 55 50 53 18 45 23 27 20 19 49 38 1 36 15 11 8 41 28 54 52 46 35 14 13 29 33 16 2 10 44 12 47 39 9 37 40 22 21 0 
Not visited: 30 31 3 26 4 24 48 42 25 17 51 5 7 32 43 
Cost: 6177.71
Prize: 20683
Probabilidade: 0.906296
Min Prob: 0.7

Origem: Local search
Tour: 0 34 22 21 39 9 37 40 29 33 16 2 10 44 12 55 50 53 18 45 23 27 20 49 38 1 36 15 11 8 41 28 54 52 46 35 14 13 0 
Not visited: 30 31 3 26 4 24 6 42 25 17 51 5 7 19 43 47 48 32 
Cost: 3885.61
Prize: 18623
Probabilidade: 0.70042
Min Prob: 0.7

Origem: Perturbacao
Tour: 0 34 22 21 39 9 46 35 14 13 10 44 12 55 50 53 24 18 45 23 27 20 49 38 1 36 15 11 8 41 28 54 52 33 16 2 37 40 29 0 
Not visited: 30 31 3 26 4 6 42 25 17 51 5 7 19 43 47 48 32 
Cost: 6163.89
Prize: 18981
Probabilidade: 0.752731
Min Prob: 0.7

Origem: Local search
Tour: 0 34 22 21 39 3 31 33 7 16 29 40 37 47 6 55 50 53 24 18 45 23 27 20 49 38 1 36 15 11 8 41 28 54 13 14 46 25 35 0 
Not visited: 30 52 43 26 4 12 42 9 17 51 5 2 19 10 44 48 32 
Cost: 4207.87
Prize: 19147
Probabilidade: 0.657055
Min Prob: 0.7

Origem: Perturbacao
Tour: 0 34 22 21 39 9 37 50 53 18 45 23 27 20 49 38 1 36 15 11 8 41 28 54 52 46 35 14 13 10 44 12 55 2 40 29 33 16 31 0 
Not visited: 30 3 26 4 24 6 42 25 17 51 5 7 19 43 47 48 32 
Cost: 6068.76
Prize: 19126
Probabilidade: 0.807349
Min Prob: 0.7

Origem: Local search
Tour: 0 34 22 21 39 9 48 47 6 55 50 53 18 45 23 27 20 49 38 1 36 15 11 8 41 28 54 13 14 46 35 25 31 33 16 40 29 3 0 
Not visited: 30 10 26 4 24 2 42 52 17 51 44 5 19 43 12 37 32 7 
Cost: 4283.95
Prize: 19124
Probabilidade: 0.713174
Min Prob: 0.7

Origem: Perturbacao
Tour: 0 34 22 21 39 9 37 40 1 36 15 11 8 41 28 54 52 46 35 14 13 47 53 18 45 23 27 20 49 38 16 2 10 44 12 30 55 50 29 33 0 
Not visited: 31 3 26 4 24 6 42 25 17 51 5 7 19 43 48 32 
Cost: 7271.32
Prize: 20020
Probabilidade: 0.876138
Min Prob: 0.7

Origem: Local search
Tour: 0 34 22 21 39 9 48 37 40 29 5 2 10 44 55 50 53 24 18 45 6 23 27 20 32 49 38 1 15 11 8 41 28 54 52 46 25 35 14 13 0 
Not visited: 31 33 26 4 47 30 36 3 17 51 16 7 19 43 12 42 
Cost: 3925.71
Prize: 19628
Probabilidade: 0.717701
Min Prob: 0.7

Origem: Perturbacao
Tour: 0 34 22 21 39 9 1 36 15 11 8 41 28 54 52 46 35 14 13 48 23 27 20 32 49 38 12 55 50 53 18 45 37 40 29 33 16 2 10 44 47 0 
Not visited: 30 31 3 26 4 24 6 42 25 17 51 5 7 19 43 
Cost: 6587.68
Prize: 20345
Probabilidade: 0.884216
Min Prob: 0.7

Origem: Local search
Tour: 0 34 22 9 37 40 29 33 16 2 10 44 12 55 50 53 18 45 23 27 20 49 38 1 36 15 11 39 21 8 41 28 54 52 46 35 14 13 0 
Not visited: 30 31 6 26 4 24 3 19 25 17 51 5 7 42 43 47 48 32 
Cost: 4070.85
Prize: 18623
Probabilidade: 0.70042
Min Prob: 0.7

Origem: Perturbacao
Tour: 0 34 23 27 20 49 38 1 36 15 11 8 41 28 54 52 46 25 35 14 13 29 33 16 2 10 44 12 55 50 53 24 18 45 40 22 21 39 9 37 0 
Not visited: 30 31 3 26 4 6 42 17 51 5 7 19 43 47 48 32 
Cost: 5658.15
Prize: 19485
Probabilidade: 0.783482
Min Prob: 0.7

Origem: Local search
Tour: 0 34 9 48 45 18 24 53 50 55 12 44 10 2 16 33 31 3 13 14 35 25 46 52 54 28 41 8 11 15 36 1 38 49 39 21 22 0 
Not visited: 30 29 37 26 4 6 23 17 51 5 7 19 43 47 40 20 27 32 42 
Cost: 4262.88
Prize: 17505
Probabilidade: 0.55236
Min Prob: 0.7

Origem: Perturbacao
Tour: 0 34 22 21 39 9 37 40 48 36 15 11 8 41 28 54 52 46 35 14 13 53 18 45 23 27 20 32 49 38 1 33 16 2 5 10 44 12 55 50 29 0 
Not visited: 30 31 3 26 4 24 6 42 25 17 51 7 19 43 47 
Cost: 6884.91
Prize: 20087
Probabilidade: 0.855459
Min Prob: 0.7

Origem: Local search
Tour: 0 34 22 21 39 9 48 37 40 29 33 16 2 10 44 12 55 50 53 24 18 45 23 27 20 32 49 38 15 11 8 41 28 54 52 46 35 14 13 0 
Not visited: 30 3 31 26 4 6 1 36 25 17 51 7 19 43 42 5 47 
Cost: 3996.45
Prize: 18832
Probabilidade: 0.685293
Min Prob: 0.7

Origem: Perturbacao
Tour: 0 34 22 21 39 9 37 54 52 46 35 14 13 33 16 7 51 2 10 44 12 55 50 53 18 45 23 27 20 49 38 1 36 15 11 8 41 28 29 40 0 
Not visited: 30 31 3 26 4 24 6 42 25 17 5 19 43 47 48 32 
Cost: 5898.22
Prize: 19569
Probabilidade: 0.848388
Min Prob: 0.7

Origem: Local search
Tour: 0 34 22 21 39 9 40 37 48 11 15 36 1 38 49 20 27 23 45 18 53 50 55 12 44 10 2 43 7 16 33 31 25 35 14 13 54 28 0 
Not visited: 30 52 3 26 4 24 6 8 46 17 5 19 51 47 42 32 41 29 
Cost: 4111.08
Prize: 18123
Probabilidade: 0.705992
Min Prob: 0.7

Origem: Perturbacao
Tour: 0 20 19 49 38 1 36 15 11 8 41 28 54 52 46 35 14 13 16 2 10 44 12 55 50 53 18 45 23 27 33 34 22 21 39 9 37 40 29 0 
Not visited: 30 31 3 26 4 24 6 42 25 17 51 5 7 43 47 48 32 
Cost: 6433.5
Prize: 19302
Probabilidade: 0.829762
Min Prob: 0.7

Origem: Local search
Tour: 0 22 21 39 49 32 38 1 36 15 11 8 41 28 54 52 46 35 14 13 3 29 40 5 10 44 12 55 50 53 18 45 23 20 42 48 9 34 0 
Not visited: 30 31 16 26 4 24 6 33 25 17 51 2 7 43 47 37 27 19 
Cost: 4366.69
Prize: 18678
Probabilidade: 0.716909
Min Prob: 0.7

Origem: Perturbacao
Tour: 0 34 22 21 27 20 49 38 1 36 15 11 8 41 28 54 52 46 35 14 13 16 26 51 2 10 44 12 55 50 53 18 45 23 29 33 39 9 37 40 0 
Not visited: 30 31 3 4 24 6 42 25 17 5 7 19 43 47 48 32 
Cost: 6532.96
Prize: 19825
Probabilidade: 0.906521
Min Prob: 0.7

Origem: Local search
Tour: 0 34 9 48 6 45 18 53 50 55 12 44 10 2 16 33 31 3 13 14 35 46 52 54 28 41 8 11 15 36 1 38 49 42 39 21 22 0 
Not visited: 30 43 40 4 24 23 29 25 17 5 26 19 51 37 7 20 47 27 32 
Cost: 4236.26
Prize: 18040
Probabilidade: 0.678904
Min Prob: 0.7

Origem: Perturbacao
Tour: 0 34 44 12 55 50 53 18 45 23 27 20 49 38 1 36 15 11 8 41 28 54 52 46 35 14 13 10 37 40 29 33 16 7 43 2 22 21 39 9 0 
Not visited: 30 31 3 26 4 24 6 42 25 17 51 5 19 47 48 32 
Cost: 6564.42
Prize: 19595
Probabilidade: 0.847327
Min Prob: 0.7

Origem: Local search
Tour: 0 34 3 31 33 7 16 29 40 37 9 39 48 6 55 50 53 18 45 23 27 20 49 38 1 36 15 11 8 41 28 54 52 46 35 14 13 0 
Not visited: 30 2 10 26 4 24 12 42 25 17 51 5 19 44 47 32 22 43 21 
Cost: 4216.97
Prize: 18747
Probabilidade: 0.718667
Min Prob: 0.7

Origem: Perturbacao
Tour: 0 46 25 35 14 13 44 12 55 50 53 18 45 23 27 20 49 38 1 36 15 11 8 41 28 54 52 9 37 40 29 33 16 2 10 5 34 22 21 39 0 
Not visited: 30 31 3 26 4 24 6 42 17 51 7 19 43 47 48 32 
Cost: 6381.58
Prize: 19626
Probabilidade: 0.774087
Min Prob: 0.7

Origem: Local search
Tour: 0 13 14 35 25 46 54 28 41 8 11 15 36 1 38 49 20 27 23 45 18 53 50 55 47 37 40 5 2 16 33 31 3 9 48 39 21 22 0 
Not visited: 30 29 34 26 4 24 12 42 17 51 7 19 43 44 52 32 10 6 
Cost: 4370.62
Prize: 18910
Probabilidade: 0.705847
Min Prob: 0.7

Origem: Perturbacao
Tour: 0 34 22 21 39 9 37 38 1 36 15 11 8 41 28 54 52 46 35 14 13 18 45 23 27 20 32 49 55 50 53 40 29 33 16 26 2 10 44 12 0 
Not visited: 30 31 3 4 24 6 42 25 17 51 5 7 19 43 47 48 
Cost: 6690.11
Prize: 19634
Probabilidade: 0.855679
Min Prob: 0.7

Origem: Local search
Tour: 0 34 22 21 39 9 37 40 29 33 16 43 2 10 44 12 55 50 53 18 27 20 32 49 38 1 36 15 11 8 41 28 54 52 46 35 14 13 0 
Not visited: 30 31 3 4 23 42 6 25 17 51 5 7 19 26 24 45 47 48 
Cost: 3969.61
Prize: 18364
Probabilidade: 0.705848
Min Prob: 0.7

Origem: Perturbacao
Tour: 0 34 22 21 39 18 45 23 27 20 49 38 1 36 15 11 8 41 28 54 52 46 35 14 13 44 12 55 50 53 2 10 9 37 40 29 33 43 16 0 
Not visited: 30 31 3 26 4 24 6 42 25 17 51 5 7 19 47 48 32 
Cost: 6443.96
Prize: 19252
Probabilidade: 0.816596
Min Prob: 0.7

Origem: Local search
Tour: 0 34 22 21 39 48 42 23 27 20 49 38 1 36 15 11 8 41 28 54 52 46 35 14 13 3 29 40 5 10 44 55 50 53 47 37 0 
Not visited: 2 7 16 26 4 24 12 45 25 17 51 6 43 19 30 18 32 33 31 9 
Cost: 4486.62
Prize: 18255
Probabilidade: 0.645529
Min Prob: 0.7

Origem: Perturbacao
Tour: 0 34 22 21 42 49 19 38 1 36 15 11 8 41 28 54 52 46 35 14 13 16 2 10 44 12 30 55 50 53 18 45 23 27 20 37 40 29 33 39 9 0 
Not visited: 31 3 26 4 24 6 25 17 51 5 7 43 47 48 32 
Cost: 5977.44
Prize: 20715
Probabilidade: 0.957226
Min Prob: 0.7

Origem: Local search
Tour: 0 34 9 48 42 20 27 23 45 18 53 50 55 12 44 10 5 40 29 3 13 14 35 46 52 54 28 41 8 11 15 1 38 49 39 21 22 0 
Not visited: 31 16 26 4 24 6 25 17 51 2 7 43 47 33 19 30 32 37 36 
Cost: 4189.82
Prize: 18492
Probabilidade: 0.707964
Min Prob: 0.7

Origem: Perturbacao
Tour: 0 34 22 21 10 44 12 55 50 53 18 45 23 27 20 49 38 1 36 15 11 8 41 28 54 52 46 35 14 13 3 40 29 33 16 2 9 37 39 0 
Not visited: 30 31 26 4 24 6 42 25 17 51 5 7 19 43 47 48 32 
Cost: 5742.34
Prize: 19171
Probabilidade: 0.76152
Min Prob: 0.7

Origem: Local search
Tour: 0 34 22 21 39 9 37 40 29 33 16 2 10 44 12 55 50 53 18 45 23 27 20 49 38 1 36 15 11 8 41 28 54 52 46 35 14 13 0 
Not visited: 30 31 26 4 24 6 42 25 17 51 47 7 19 43 5 3 32 48 
Cost: 3885.61
Prize: 18623
Probabilidade: 0.70042
Min Prob: 0.7

Origem: Perturbacao
Tour: 0 34 22 41 28 54 52 46 35 14 13 48 18 45 23 27 20 19 49 38 1 36 15 11 8 4 16 2 10 44 12 55 50 53 21 39 9 37 40 29 33 0 
Not visited: 30 31 3 26 24 6 42 25 17 51 5 7 43 47 32 
Cost: 6795.88
Prize: 20452
Probabilidade: 0.911907
Min Prob: 0.7

Origem: Local search
Tour: 0 34 22 21 39 11 15 36 1 38 49 32 20 27 23 45 18 24 53 50 55 12 44 10 5 47 48 9 37 40 29 3 13 14 35 46 52 54 28 0 
Not visited: 30 8 4 26 6 31 42 25 17 51 16 7 43 33 19 2 41 
Cost: 4100.12
Prize: 18969
Probabilidade: 0.71365
Min Prob: 0.7

Origem: Perturbacao
Tour: 0 34 22 21 39 9 46 35 14 13 53 18 45 23 27 20 49 38 1 36 15 11 8 41 28 54 52 10 44 12 55 50 47 37 40 29 33 16 4 26 2 0 
Not visited: 30 31 3 24 6 42 25 17 51 5 7 19 43 48 32 
Cost: 7566.11
Prize: 20576
Probabilidade: 0.905147
Min Prob: 0.7

Origem: Local search
Tour: 0 34 22 21 39 9 48 37 3 31 33 16 29 40 5 10 44 12 55 50 53 18 27 20 49 38 1 36 15 11 8 41 28 54 13 14 46 25 35 0 
Not visited: 30 26 2 24 23 42 6 17 51 52 4 19 43 45 32 7 47 
Cost: 4399.52
Prize: 18661
Probabilidade: 0.677153
Min Prob: 0.7

Origem: Perturbacao
Tour: 0 50 53 18 45 23 27 20 49 38 1 36 15 11 8 41 28 54 52 46 35 14 13 16 2 5 10 44 12 55 9 37 40 29 33 34 22 21 39 0 
Not visited: 30 31 3 26 4 24 6 42 25 17 51 7 19 43 47 48 32 
Cost: 6434.16
Prize: 19122
Probabilidade: 0.742678
Min Prob: 0.7

Origem: Local search
Tour: 0 34 22 21 39 9 3 31 33 2 10 44 12 55 47 40 29 37 6 45 18 27 20 49 38 1 36 15 11 8 41 28 54 52 46 35 14 13 0 
Not visited: 30 16 5 26 4 24 23 42 25 17 51 7 19 43 50 53 32 48 
Cost: 4592.25
Prize: 18848
Probabilidade: 0.620222
Min Prob: 0.7

Origem: Perturbacao
Tour: 0 34 22 20 49 38 1 36 15 11 8 41 28 54 52 46 35 14 13 44 12 55 50 53 18 45 23 27 16 51 2 10 5 48 21 39 9 37 40 29 33 0 
Not visited: 30 31 3 26 4 24 6 42 25 17 7 19 43 47 32 
Cost: 7536.39
Prize: 20278
Probabilidade: 0.905237
Min Prob: 0.7

Origem: Local search
Tour: 0 34 9 48 37 40 47 6 45 18 53 50 55 12 44 10 2 16 33 31 25 35 46 14 13 54 28 41 8 11 15 36 1 38 49 42 39 21 22 0 
Not visited: 30 3 7 26 4 24 23 20 52 17 5 19 51 27 32 43 29 
Cost: 4340.03
Prize: 19173
Probabilidade: 0.705466
Min Prob: 0.7

Origem: Perturbacao
Tour: 0 34 22 21 55 50 53 18 45 23 27 20 49 38 1 36 15 11 8 41 28 54 52 46 25 35 14 13 29 33 16 26 2 10 44 12 5 40 39 9 37 0 
Not visited: 30 31 3 4 24 6 42 17 51 7 19 43 47 48 32 
Cost: 6048.46
Prize: 20225
Probabilidade: 0.876748
Min Prob: 0.7

Origem: Local search
Tour: 0 34 22 21 39 48 6 50 53 18 45 23 27 20 49 38 1 36 15 11 8 41 28 54 13 14 52 46 35 25 31 33 16 2 10 44 5 40 29 0 
Not visited: 30 37 3 4 24 55 42 17 51 7 19 26 47 9 32 43 12 
Cost: 4859.82
Prize: 19292
Probabilidade: 0.697379
Min Prob: 0.7

Origem: Perturbacao
Tour: 0 34 23 27 20 19 49 38 1 36 15 11 8 41 28 54 52 46 35 14 13 12 55 50 53 18 45 6 33 16 2 10 44 22 21 39 9 37 40 29 0 
Not visited: 30 31 3 26 4 24 42 25 17 51 5 7 43 47 48 32 
Cost: 6816.82
Prize: 19926
Probabilidade: 0.857543
Min Prob: 0.7

Origem: Local search
Tour: 0 34 22 21 39 9 48 37 40 29 33 16 2 10 44 55 50 53 18 45 23 27 20 32 49 38 1 15 11 8 41 28 54 52 46 35 14 13 0 
Not visited: 30 31 3 26 4 24 19 25 17 51 5 7 43 12 6 42 47 36 
Cost: 3943.79
Prize: 18700
Probabilidade: 0.700847
Min Prob: 0.7

Origem: Perturbacao
Tour: 0 10 44 12 55 50 53 18 45 6 23 27 20 49 38 1 36 15 11 8 41 28 54 52 46 35 14 13 40 29 33 16 51 43 2 39 9 37 34 22 21 0 
Not visited: 30 31 3 26 4 24 42 25 17 5 7 19 47 48 32 
Cost: 6592.06
Prize: 20479
Probabilidade: 0.916938
Min Prob: 0.7

Origem: Local search
Tour: 0 34 22 21 39 48 6 55 50 53 18 45 23 27 20 49 38 1 36 15 11 8 41 28 54 13 14 46 35 25 31 33 16 43 2 5 40 29 0 
Not visited: 30 37 44 26 4 12 42 52 17 9 51 19 10 24 32 47 3 7 
Cost: 4447.29
Prize: 18967
Probabilidade: 0.708261
Min Prob: 0.7

Origem: Perturbacao
Tour: 0 18 45 23 27 20 49 38 1 36 15 11 8 41 28 54 52 46 35 14 13 31 40 29 33 4 16 2 10 44 12 55 50 53 47 37 34 22 21 39 9 0 
Not visited: 30 3 26 24 6 42 25 17 51 5 7 19 43 48 32 
Cost: 5992.25
Prize: 20480
Probabilidade: 0.892485
Min Prob: 0.7

Origem: Local search
Tour: 0 34 3 31 33 16 7 43 2 10 44 12 55 50 53 6 48 9 39 42 27 20 49 38 1 15 11 8 41 28 54 46 14 13 0 
Not visited: 30 29 26 24 47 45 25 17 51 5 4 19 40 18 32 22 37 36 35 23 21 52 
Cost: 4172.12
Prize: 17256
Probabilidade: 0.569396
Min Prob: 0.7

Origem: Perturbacao
Tour: 0 34 22 21 39 9 37 1 36 15 11 8 41 28 54 52 46 35 14 13 55 50 53 18 45 23 27 20 49 38 33 16 7 2 10 44 30 12 40 29 0 
Not visited: 31 3 26 4 24 6 42 25 17 51 5 19 43 47 48 32 
Cost: 6690.04
Prize: 19606
Probabilidade: 0.846393
Min Prob: 0.7

Origem: Local search
Tour: 0 34 22 21 39 9 37 40 29 33 16 2 10 44 12 55 50 53 18 45 23 27 20 49 38 1 36 15 11 8 41 28 54 52 46 35 14 13 0 
Not visited: 31 3 26 4 24 6 42 25 17 51 5 19 7 30 47 32 43 48 
Cost: 3885.61
Prize: 18623
Probabilidade: 0.70042
Min Prob: 0.7

Origem: Perturbacao
Tour: 0 34 22 21 39 54 52 46 35 14 13 16 2 10 44 12 30 55 50 53 18 45 23 27 20 49 38 1 36 15 11 8 41 28 33 9 37 40 29 0 
Not visited: 31 3 26 4 24 6 42 25 17 51 5 7 19 43 47 48 32 
Cost: 6075.26
Prize: 19263
Probabilidade: 0.815598
Min Prob: 0.7

Origem: Local search
Tour: 0 34 22 21 39 9 48 42 11 15 36 1 38 49 32 20 27 23 45 18 53 50 55 12 44 10 5 29 40 37 3 13 14 35 46 52 54 28 0 
Not visited: 31 16 26 4 24 6 41 25 17 51 2 7 19 43 47 33 8 30 
Cost: 3953.84
Prize: 18627
Probabilidade: 0.71501
Min Prob: 0.7

Origem: Perturbacao
Tour: 0 8 41 28 54 52 46 35 14 13 37 40 29 33 4 7 16 2 10 44 12 55 50 53 18 45 23 27 20 19 49 38 1 36 15 11 9 34 22 21 39 0 
Not visited: 30 31 3 26 24 6 42 25 17 51 5 43 47 48 32 
Cost: 5283.78
Prize: 20242
Probabilidade: 0.882723
Min Prob: 0.7

Origem: Local search
Tour: 0 34 22 21 39 42 11 15 36 1 38 49 32 20 27 23 45 18 53 50 55 12 44 10 2 43 7 16 33 31 25 35 46 14 13 54 28 0 
Not visited: 30 29 37 26 24 6 9 52 17 51 5 4 47 8 19 41 48 40 3 
Cost: 3726.14
Prize: 17711
Probabilidade: 0.651469
Min Prob: 0.7

Origem: Perturbacao
Tour: 0 34 22 28 54 52 46 25 35 14 13 50 53 24 18 45 23 27 20 49 38 1 36 15 11 8 41 2 10 44 12 55 21 39 9 37 40 29 33 16 0 
Not visited: 30 31 3 26 4 6 42 17 51 5 7 19 43 47 48 32 
Cost: 6671.92
Prize: 19485
Probabilidade: 0.783482
Min Prob: 0.7

Origem: Local search
Tour: 0 28 54 52 46 25 35 14 13 3 31 29 40 37 9 48 47 5 10 44 12 55 50 53 24 18 45 23 20 49 38 1 36 15 11 39 21 22 34 0 
Not visited: 30 33 16 26 4 6 42 17 51 41 7 19 43 27 8 32 2 
Cost: 4242.9
Prize: 18824
Probabilidade: 0.711724
Min Prob: 0.7

Origem: Perturbacao
Tour: 0 34 22 15 11 8 41 28 54 52 46 35 14 13 5 2 10 44 12 55 50 53 18 45 23 27 20 49 38 1 36 39 9 37 40 29 33 16 47 48 21 0 
Not visited: 30 31 3 26 4 24 6 42 25 17 51 7 19 43 32 
Cost: 5822.57
Prize: 20432
Probabilidade: 0.884539
Min Prob: 0.7

Origem: Local search
Tour: 0 34 22 21 39 9 37 40 29 16 7 43 2 10 44 12 55 50 53 18 45 23 27 20 49 38 1 15 11 8 41 28 54 52 46 14 13 0 
Not visited: 30 3 5 26 4 24 6 42 25 17 51 31 19 33 32 47 48 36 35 
Cost: 3835.45
Prize: 18481
Probabilidade: 0.70426
Min Prob: 0.7

Origem: Perturbacao
Tour: 0 34 22 21 39 9 37 8 41 28 54 52 46 14 13 44 12 55 50 53 18 45 23 27 20 19 49 38 1 36 15 11 48 7 43 2 10 40 29 16 0 
Not visited: 30 3 5 26 4 24 6 42 25 17 51 31 33 32 47 35 
Cost: 6932.25
Prize: 20227
Probabilidade: 0.929483
Min Prob: 0.7

Origem: Local search
Tour: 0 34 22 21 39 9 37 40 29 5 44 12 55 50 53 18 45 6 23 27 20 19 32 49 38 1 36 15 11 8 41 28 54 52 46 14 13 0 
Not visited: 30 16 10 26 4 24 2 7 25 17 51 3 33 42 43 35 31 47 48 
Cost: 3703.43
Prize: 18528
Probabilidade: 0.61508
Min Prob: 0.7

Origem: Perturbacao
Tour: 0 34 22 21 39 1 15 11 8 41 28 54 52 46 14 13 12 55 50 53 18 45 23 27 20 49 38 42 43 2 10 44 9 37 40 29 16 7 0 
Not visited: 30 3 5 26 4 24 6 25 17 51 31 19 33 32 47 48 36 35 
Cost: 7091.35
Prize: 19254
Probabilidade: 0.834757
Min Prob: 0.7

Origem: Local search
Tour: 0 34 22 3 29 40 5 2 10 44 12 55 50 53 18 45 23 6 47 37 48 9 21 39 42 49 38 1 15 11 8 41 28 54 52 46 14 13 0 
Not visited: 31 7 30 26 4 24 27 25 17 51 16 19 33 32 43 20 36 35 
Cost: 4350.16
Prize: 19270
Probabilidade: 0.708167
Min Prob: 0.7

Origem: Perturbacao
Tour: 0 6 18 45 23 27 20 49 38 1 15 11 8 41 28 54 52 46 14 13 43 2 10 44 12 55 50 53 29 16 7 34 22 21 39 9 37 40 0 
Not visited: 30 3 5 26 4 24 42 25 17 51 31 19 33 32 47 48 36 35 
Cost: 6308.39
Prize: 19105
Probabilidade: 0.746112
Min Prob: 0.7

Origem: Local search
Tour: 0 13 14 46 52 54 28 41 8 11 15 1 38 49 20 23 45 18 24 53 50 55 12 44 5 16 33 31 3 29 40 37 48 9 39 21 22 0 
Not visited: 30 43 2 26 4 6 42 25 17 51 34 19 7 32 10 27 36 35 47 
Cost: 4135.47
Prize: 18048
Probabilidade: 0.632642
Min Prob: 0.7

Origem: Perturbacao
Tour: 0 34 22 21 39 9 37 40 8 41 28 54 52 46 14 13 12 55 50 53 18 45 23 27 20 49 38 1 15 11 47 10 44 29 16 7 43 2 0 
Not visited: 30 3 5 26 4 24 6 42 25 17 51 31 19 33 32 48 36 35 
Cost: 6947.86
Prize: 19238
Probabilidade: 0.791379
Min Prob: 0.7

Origem: Local search
Tour: 0 34 22 21 39 9 37 40 29 31 33 16 5 44 12 55 50 53 18 45 6 23 27 20 49 38 1 36 15 11 8 41 28 54 13 14 35 25 0 
Not visited: 30 7 48 26 4 24 2 47 46 17 51 3 19 43 32 10 42 52 
Cost: 4106.51
Prize: 18374
Probabilidade: 0.573787
Min Prob: 0.7

Origem: Perturbacao
Tour: 0 34 22 11 8 41 28 54 52 46 14 13 44 12 55 50 53 18 45 23 27 20 32 49 38 1 15 7 43 2 10 21 39 9 37 40 29 16 3 0 
Not visited: 30 5 26 4 24 6 42 25 17 51 31 19 33 47 48 36 35 
Cost: 7023.59
Prize: 19441
Probabilidade: 0.800209
Min Prob: 0.7

Origem: Local search
Tour: 0 34 22 21 39 9 29 40 37 48 11 15 1 38 49 32 20 27 23 6 45 18 53 50 55 12 44 5 31 3 13 14 46 52 54 28 41 8 0 
Not visited: 30 10 26 4 24 2 47 25 17 51 16 19 33 43 7 36 35 42 
Cost: 4611.36
Prize: 18939
Probabilidade: 0.679261
Min Prob: 0.7

Origem: Perturbacao
Tour: 0 34 22 21 39 9 37 40 20 49 38 1 15 11 8 41 28 54 52 46 14 13 2 10 44 12 55 50 53 18 45 23 27 43 29 16 7 26 0 
Not visited: 30 3 5 4 24 6 42 25 17 51 31 19 33 32 47 48 36 35 
Cost: 6687.34
Prize: 19080
Probabilidade: 0.830673
Min Prob: 0.7

Origem: Local search
Tour: 0 34 22 21 39 9 37 40 29 31 33 16 43 2 10 44 12 55 50 53 18 45 23 6 47 48 42 38 1 15 11 8 41 28 54 13 14 0 
Not visited: 30 52 5 4 24 27 49 25 17 51 3 19 26 32 7 20 36 46 35 
Cost: 4256.98
Prize: 18649
Probabilidade: 0.71424
Min Prob: 0.7

Origem: Perturbacao
Tour: 0 34 22 21 39 9 37 40 8 41 28 54 52 46 35 14 13 55 50 53 18 45 23 27 20 49 38 1 15 11 7 43 2 10 44 12 29 16 33 31 0 
Not visited: 30 3 5 26 4 24 6 42 25 17 51 19 32 47 48 36 
Cost: 6832.8
Prize: 19584
Probabilidade: 0.873065
Min Prob: 0.7

Origem: Local search
Tour: 0 34 22 21 39 48 9 3 33 16 2 10 5 29 40 37 47 50 53 18 45 23 27 20 49 38 1 15 11 8 41 28 54 52 46 25 35 14 13 0 
Not visited: 30 31 7 26 4 24 6 42 12 17 51 19 32 55 43 36 44 
Cost: 4584.6
Prize: 19403
Probabilidade: 0.71036
Min Prob: 0.7

Origem: Perturbacao
Tour: 0 34 22 21 39 9 37 40 14 13 18 45 23 27 20 32 49 38 1 15 11 8 41 28 54 52 46 44 12 30 55 50 53 29 16 4 7 43 2 10 0 
Not visited: 3 5 26 24 6 42 25 17 51 31 19 33 47 48 36 35 
Cost: 7624.6
Prize: 20130
Probabilidade: 0.87355
Min Prob: 0.7

Origem: Local search
Tour: 0 34 22 21 9 37 40 29 33 16 7 43 2 10 44 55 50 53 18 45 23 27 20 32 49 38 1 15 11 8 41 28 54 52 46 14 13 0 
Not visited: 12 30 4 24 3 42 25 26 51 31 19 5 47 6 36 35 17 48 39 
Cost: 3920.43
Prize: 18556
Probabilidade: 0.686542
Min Prob: 0.7

Origem: Perturbacao
Tour: 0 34 22 21 39 46 14 13 40 29 16 7 26 43 2 10 44 12 55 50 53 18 45 23 27 20 19 49 38 1 15 11 8 41 28 54 52 37 9 0 
Not visited: 30 3 5 4 24 6 42 25 17 51 31 33 32 47 48 36 35 
Cost: 5717.73
Prize: 19759
Probabilidade: 0.91641
Min Prob: 0.7

Origem: Local search
Tour: 0 34 22 39 21 41 8 11 15 1 38 49 32 20 27 23 45 18 53 50 55 12 44 10 2 43 7 16 33 31 25 35 46 52 14 13 54 0 
Not visited: 30 40 5 4 24 6 42 9 26 51 3 29 19 47 48 36 37 17 28 
Cost: 3913.08
Prize: 17601
Probabilidade: 0.661838
Min Prob: 0.7

Origem: Perturbacao
Tour: 0 34 22 21 39 14 13 10 44 12 55 50 53 18 45 23 27 20 49 38 1 36 15 11 8 41 28 54 52 46 37 40 29 16 7 43 2 47 9 0 
Not visited: 30 3 5 26 4 24 6 42 25 17 51 31 19 33 32 48 35 
Cost: 6107.24
Prize: 19752
Probabilidade: 0.848573
Min Prob: 0.7

Origem: Local search
Tour: 0 34 22 21 39 9 3 31 33 16 29 40 47 55 50 53 18 45 23 27 20 49 38 1 36 15 11 8 41 28 54 52 46 25 35 14 13 0 
Not visited: 30 10 5 26 4 24 6 42 44 17 51 43 19 2 32 48 12 7 37 
Cost: 3940.07
Prize: 18677
Probabilidade: 0.711662
Min Prob: 0.7

Origem: Perturbacao
Tour: 0 34 22 21 20 49 38 1 15 11 8 41 28 54 52 46 14 13 5 2 10 44 12 55 50 53 18 45 23 27 37 40 29 16 7 43 39 9 0 
Not visited: 30 3 26 4 24 6 42 25 17 51 31 19 33 32 47 48 36 35 
Cost: 5861.01
Prize: 18980
Probabilidade: 0.746432
Min Prob: 0.7

Origem: Local search
Tour: 0 34 22 21 39 49 38 1 15 11 8 41 28 54 13 14 35 25 31 33 7 17 43 2 10 44 12 55 50 53 18 45 23 6 47 40 29 3 0 
Not visited: 30 9 26 4 24 27 20 46 16 51 5 19 42 32 37 48 36 52 
Cost: 4456.53
Prize: 18072
Probabilidade: 0.512053
Min Prob: 0.7

Origem: Perturbacao
Tour: 0 34 22 21 39 9 20 49 38 1 15 11 8 41 28 54 52 46 35 14 13 55 50 53 18 45 23 27 2 10 44 12 37 40 29 16 7 43 51 31 0 
Not visited: 30 3 5 26 4 24 6 42 25 17 19 33 32 47 48 36 
Cost: 6685.7
Prize: 19815
Probabilidade: 0.916543
Min Prob: 0.7

Origem: Local search
Tour: 0 34 22 21 39 9 37 40 29 16 7 43 2 5 55 50 53 24 18 45 23 27 20 32 49 38 1 15 11 8 41 28 54 52 46 35 14 13 0 
Not visited: 30 31 44 26 4 12 33 48 25 17 19 51 42 10 3 36 47 6 
Cost: 3962.16
Prize: 18653
Probabilidade: 0.700232
Min Prob: 0.7

Origem: Perturbacao
Tour: 0 34 22 21 39 9 37 40 28 54 52 46 14 13 45 23 27 20 49 38 1 15 11 8 41 44 12 55 50 53 18 29 16 7 43 2 10 31 0 
Not visited: 30 3 5 26 4 24 6 42 25 17 51 19 33 32 47 48 36 35 
Cost: 7159.72
Prize: 18984
Probabilidade: 0.810969
Min Prob: 0.7

Origem: Local search
Tour: 0 34 22 21 39 11 15 36 1 38 49 20 27 23 45 18 53 50 55 47 40 29 43 17 7 16 33 31 3 13 14 46 52 54 28 0 
Not visited: 30 12 5 26 4 24 6 8 25 2 51 19 10 32 44 41 9 35 37 42 48 
Cost: 3833.12
Prize: 17529
Probabilidade: 0.591292
Min Prob: 0.7

Origem: Perturbacao
Tour: 0 34 22 21 39 9 37 12 55 50 53 18 45 23 27 20 49 38 1 15 11 8 41 28 54 52 46 35 14 13 3 51 7 43 2 10 44 16 40 29 0 
Not visited: 30 5 26 4 24 6 42 25 17 31 19 33 32 47 48 36 
Cost: 6169.18
Prize: 19860
Probabilidade: 0.888407
Min Prob: 0.7

Origem: Local search
Tour: 0 34 22 21 39 48 6 55 50 53 18 45 23 27 20 49 38 1 15 11 8 41 28 54 13 14 46 35 25 31 33 16 43 2 5 40 29 0 
Not visited: 30 7 26 4 24 47 42 52 17 3 19 51 32 12 37 36 44 10 9 
Cost: 4378.12
Prize: 18453
Probabilidade: 0.622382
Min Prob: 0.7

Origem: Perturbacao
Tour: 0 34 48 55 50 53 18 45 23 27 20 42 49 38 1 15 11 8 41 28 54 52 46 14 13 16 7 51 43 2 10 44 12 29 22 21 39 9 37 40 0 
Not visited: 30 3 5 26 4 24 6 25 17 31 19 33 32 47 36 35 
Cost: 6224.27
Prize: 20410
Probabilidade: 0.947602
Min Prob: 0.7

Origem: Local search
Tour: 0 34 22 21 39 9 48 6 50 53 18 45 23 27 20 32 49 38 1 15 11 8 41 28 54 13 14 3 31 33 7 17 43 2 10 44 12 5 40 29 0 
Not visited: 30 35 47 26 4 24 55 46 51 16 19 25 42 37 36 52 
Cost: 4988.97
Prize: 19147
Probabilidade: 0.711321
Min Prob: 0.7

Origem: Perturbacao
Tour: 0 34 22 21 39 9 37 23 27 20 49 38 1 15 11 8 41 28 54 52 46 25 14 13 12 55 50 53 18 45 7 17 43 2 10 44 40 29 16 0 
Not visited: 30 3 5 26 4 24 6 42 51 31 19 33 32 47 48 36 35 
Cost: 6744.4
Prize: 19301
Probabilidade: 0.779992
Min Prob: 0.7

Origem: Local search
Tour: 0 34 22 21 39 9 37 40 29 16 43 2 10 44 12 55 50 53 18 45 23 27 20 49 38 1 15 11 8 41 28 54 52 46 35 14 13 0 
Not visited: 30 17 5 26 4 24 7 42 51 31 19 33 32 47 3 36 25 6 48 
Cost: 3853.45
Prize: 18366
Probabilidade: 0.703156
Min Prob: 0.7

Origem: Perturbacao
Tour: 0 34 22 21 11 8 41 28 54 52 46 14 13 18 45 23 27 20 49 38 1 15 42 43 2 10 44 12 55 50 53 39 9 37 40 29 16 7 26 51 0 
Not visited: 30 3 5 4 24 6 25 17 31 19 33 32 47 48 36 35 
Cost: 6993.33
Prize: 20456
Probabilidade: 0.959681
Min Prob: 0.7

Origem: Local search
Tour: 0 34 22 21 39 9 3 31 33 16 29 40 5 10 44 12 55 50 53 24 18 45 23 20 49 38 1 15 11 8 41 28 54 52 46 14 13 0 
Not visited: 30 51 2 4 6 42 25 17 37 19 26 32 43 27 36 35 7 47 48 
Cost: 4180.69
Prize: 18116
Probabilidade: 0.620636
Min Prob: 0.7

Origem: Perturbacao
Tour: 0 38 1 15 11 8 41 28 54 52 46 14 13 43 2 10 44 12 30 55 50 53 18 45 23 27 20 49 48 29 16 7 34 22 21 39 9 37 40 0 
Not visited: 3 5 26 4 24 6 42 25 17 51 31 19 33 32 47 36 35 
Cost: 6495.39
Prize: 19674
Probabilidade: 0.885451
Min Prob: 0.7

Origem: Local search
Tour: 0 34 9 48 42 20 27 23 45 18 53 50 55 12 44 10 2 16 33 31 3 13 14 46 52 54 28 41 8 11 15 38 39 21 22 0 
Not visited: 43 5 26 4 24 6 49 25 17 51 29 19 7 32 47 36 35 30 37 40 1 
Cost: 4240.31
Prize: 17608
Probabilidade: 0.608012
Min Prob: 0.7

Origem: Perturbacao
Tour: 0 48 44 12 55 50 53 18 45 23 27 20 49 38 1 15 11 8 41 28 54 52 46 14 13 10 37 40 29 16 7 17 43 2 34 22 21 39 9 0 
Not visited: 30 3 5 26 4 24 6 42 25 51 31 19 33 32 47 36 35 
Cost: 6594.62
Prize: 19350
Probabilidade: 0.833278
Min Prob: 0.7

Origem: Local search
Tour: 0 34 22 21 39 9 48 6 55 50 53 18 45 23 27 20 49 38 1 15 11 8 41 28 54 13 14 35 25 31 33 16 7 17 43 29 40 37 0 
Not visited: 30 10 5 26 4 24 12 42 46 51 3 19 2 32 44 36 52 47 
Cost: 4290.21
Prize: 18362
Probabilidade: 0.67806
Min Prob: 0.7

Origem: Perturbacao
Tour: 0 34 22 21 39 9 37 20 49 38 1 15 11 8 41 28 54 52 46 35 14 13 55 50 53 18 45 23 27 2 10 44 12 40 29 16 7 43 0 
Not visited: 30 3 5 26 4 24 6 42 25 17 51 31 19 33 32 47 48 36 
Cost: 6457.87
Prize: 18709
Probabilidade: 0.745955
Min Prob: 0.7

Origem: Local search
Tour: 0 34 9 48 6 45 18 23 27 24 53 50 55 47 37 40 29 16 7 33 31 25 35 14 13 54 28 41 8 11 15 1 38 49 42 39 21 22 0 
Not visited: 30 3 5 26 4 12 2 20 46 17 51 52 19 43 32 10 44 36 
Cost: 4425.07
Prize: 18737
Probabilidade: 0.705663
Min Prob: 0.7

Origem: Perturbacao
Tour: 0 34 22 21 39 9 37 40 1 15 11 8 41 28 54 52 46 14 13 23 27 20 49 38 55 50 53 18 45 29 16 4 7 43 2 10 44 12 0 
Not visited: 30 3 5 26 24 6 42 25 17 51 31 19 33 32 47 48 36 35 
Cost: 6931.83
Prize: 19078
Probabilidade: 0.74586
Min Prob: 0.7

Origem: Local search
Tour: 0 34 22 21 39 9 48 37 29 16 7 43 2 10 5 47 6 45 18 53 50 24 23 27 20 32 49 38 15 11 8 41 28 54 52 46 14 13 0 
Not visited: 30 3 44 26 40 55 1 25 17 51 31 19 4 42 33 12 36 35 
Cost: 4488.86
Prize: 18761
Probabilidade: 0.635409
Min Prob: 0.7

Origem: Perturbacao
Tour: 0 34 22 53 18 45 23 27 20 32 49 38 1 15 11 8 41 28 54 52 46 14 13 2 10 44 12 55 50 9 37 40 29 16 7 43 4 31 21 39 0 
Not visited: 30 3 5 26 24 6 42 25 17 51 19 33 47 48 36 35 
Cost: 6638.73
Prize: 19993
Probabilidade: 0.867836
Min Prob: 0.7

Origem: Local search
Tour: 0 34 22 21 39 48 6 45 18 27 20 32 49 38 1 15 11 8 41 28 54 13 14 35 31 33 7 17 43 2 10 44 12 55 50 47 37 40 29 3 0 
Not visited: 30 52 5 26 24 23 42 25 16 51 19 4 9 53 36 46 
Cost: 4814.06
Prize: 18988
Probabilidade: 0.676178
Min Prob: 0.7

Origem: Perturbacao
Tour: 0 34 22 21 39 38 1 15 11 8 41 28 54 52 46 35 14 13 16 7 43 2 10 44 12 55 50 53 18 45 23 27 20 49 29 9 37 40 0 
Not visited: 30 3 5 26 4 24 6 42 25 17 51 31 19 33 32 47 48 36 
Cost: 5362.96
Prize: 18709
Probabilidade: 0.745955
Min Prob: 0.7

Origem: Local search
Tour: 0 34 9 48 42 20 27 23 45 18 53 50 55 12 44 10 2 16 33 31 25 35 46 14 13 54 28 41 8 11 15 1 38 49 39 21 22 0 
Not visited: 30 3 5 26 4 24 6 29 52 17 51 43 19 7 32 47 40 36 37 
Cost: 4154
Prize: 18070
Probabilidade: 0.714315
Min Prob: 0.7

Origem: Perturbacao
Tour: 0 34 22 21 53 18 45 23 27 20 19 49 38 1 15 11 8 41 28 54 52 46 14 13 44 12 55 50 29 16 7 17 43 2 10 39 9 37 40 0 
Not visited: 30 3 5 26 4 24 6 42 25 51 31 33 32 47 48 36 35 
Cost: 6994.39
Prize: 19476
Probabilidade: 0.863539
Min Prob: 0.7

Origem: Local search
Tour: 0 34 22 21 39 48 6 45 18 27 20 32 49 38 1 15 11 8 41 28 54 13 14 35 25 31 33 16 7 43 2 5 55 50 53 47 37 40 29 0 
Not visited: 30 9 10 26 4 24 12 42 46 51 3 17 19 23 44 36 52 
Cost: 4660.37
Prize: 19100
Probabilidade: 0.681137
Min Prob: 0.7

Origem: Perturbacao
Tour: 0 34 22 21 39 45 23 27 20 49 38 1 15 11 8 41 28 54 52 46 14 13 55 50 53 24 18 6 7 43 2 10 44 12 9 37 40 29 16 0 
Not visited: 30 3 5 26 4 42 25 17 51 31 19 33 32 47 48 36 35 
Cost: 6792.35
Prize: 19463
Probabilidade: 0.793003
Min Prob: 0.7

Origem: Local search
Tour: 0 34 22 21 39 9 48 37 40 29 33 16 43 2 10 44 12 55 50 53 18 45 23 20 49 38 1 15 11 8 41 28 54 52 46 14 13 0 
Not visited: 30 5 7 26 4 27 25 17 51 31 19 42 32 6 24 36 35 3 47 
Cost: 3881.47
Prize: 18323
Probabilidade: 0.699038
Min Prob: 0.7

Origem: Perturbacao
Tour: 0 34 22 21 39 9 37 2 10 44 12 55 50 53 18 45 23 27 20 49 38 1 15 11 8 41 28 54 52 46 14 13 31 33 43 16 7 40 29 0 
Not visited: 30 3 5 26 4 24 6 42 25 17 51 19 32 47 48 36 35 
Cost: 5066.56
Prize: 19356
Probabilidade: 0.845796
Min Prob: 0.7

Origem: Local search
Tour: 0 34 22 21 39 9 37 5 10 44 12 55 50 53 18 45 23 27 20 49 38 1 15 11 8 41 28 54 13 14 35 25 31 33 7 17 43 16 3 0 
Not visited: 30 29 2 26 4 24 6 42 46 40 51 19 32 47 48 36 52 
Cost: 4598.03
Prize: 18309
Probabilidade: 0.699395
Min Prob: 0.7

Origem: Perturbacao
Tour: 0 34 22 21 39 9 37 8 41 28 54 52 46 35 14 13 23 27 20 49 38 1 36 15 11 10 44 12 55 50 53 18 45 40 29 16 7 43 2 0 
Not visited: 30 3 5 26 4 24 6 42 25 17 51 31 19 33 32 47 48 
Cost: 6440.73
Prize: 19223
Probabilidade: 0.81327
Min Prob: 0.7

Origem: Local search
Tour: 0 34 22 21 39 9 48 37 29 33 16 2 10 44 12 55 50 53 18 45 23 27 20 49 38 1 36 15 11 8 41 28 54 52 46 14 13 0 
Not visited: 30 7 40 26 4 24 5 42 25 17 51 31 19 43 32 47 3 6 35 
Cost: 3893.86
Prize: 18192
Probabilidade: 0.701262
Min Prob: 0.7

Origem: Perturbacao
Tour: 0 34 22 21 39 9 37 27 20 49 38 1 15 11 8 41 28 54 52 46 14 13 45 23 2 10 44 12 55 50 53 18 40 29 16 7 43 31 0 
Not visited: 30 3 5 26 4 24 6 42 25 17 51 19 33 32 47 48 36 35 
Cost: 6250.62
Prize: 18984
Probabilidade: 0.810969
Min Prob: 0.7

Origem: Local search
Tour: 0 34 3 33 16 29 40 47 55 50 53 24 18 45 6 48 9 21 39 42 23 27 20 49 38 1 15 11 8 41 28 54 52 46 14 13 0 
Not visited: 30 31 5 26 4 12 2 10 25 17 51 19 43 32 44 37 36 35 7 22 
Cost: 4283.86
Prize: 18910
Probabilidade: 0.713841
Min Prob: 0.7

Origem: Perturbacao
Tour: 0 34 22 21 54 52 46 14 13 31 40 29 16 7 26 43 2 10 44 12 55 50 53 18 45 23 27 20 49 38 1 15 11 8 41 28 37 39 9 0 
Not visited: 30 3 5 4 24 6 42 25 17 51 19 33 32 47 48 36 35 
Cost: 5600.74
Prize: 19583
Probabilidade: 0.903189
Min Prob: 0.7

Origem: Local search
Tour: 0 34 22 21 39 9 48 11 15 36 1 38 49 20 27 23 45 18 53 50 55 12 44 10 2 43 7 16 33 31 25 35 14 13 54 28 0 
Not visited: 30 29 5 4 24 6 42 46 26 51 19 40 32 47 37 8 52 41 17 3 
Cost: 3699.94
Prize: 16973
Probabilidade: 0.583688
Min Prob: 0.7

Origem: Perturbacao
Tour: 0 34 22 21 39 9 37 5 10 44 12 55 50 53 18 45 23 27 20 49 38 1 15 11 8 41 28 54 52 46 14 13 7 43 2 29 16 40 0 
Not visited: 30 3 26 4 24 6 42 25 17 51 31 19 33 32 47 48 36 35 
Cost: 5622.29
Prize: 18980
Probabilidade: 0.746432
Min Prob: 0.7

Origem: Local search
Tour: 0 34 22 21 39 9 37 40 29 5 10 44 12 55 50 53 18 45 23 27 20 49 38 1 15 11 8 41 28 54 13 14 35 31 33 7 16 3 0 
Not visited: 30 48 26 4 24 6 42 25 17 51 52 19 43 32 2 47 36 46 
Cost: 4474.36
Prize: 18108
Probabilidade: 0.60573
Min Prob: 0.7

Origem: Perturbacao
Tour: 0 34 22 21 39 9 54 52 46 14 13 18 45 23 27 20 49 38 1 36 15 11 8 41 28 10 44 12 55 50 53 37 40 29 16 7 26 51 43 2 0 
Not visited: 30 3 5 4 24 6 42 25 17 31 19 33 32 47 48 35 
Cost: 6961.2
Prize: 20197
Probabilidade: 0.939617
Min Prob: 0.7

Origem: Local search
Tour: 0 34 22 21 11 15 36 1 38 49 32 20 27 23 48 9 37 29 40 47 53 50 55 12 44 10 2 43 17 7 33 31 25 35 14 13 54 28 0 
Not visited: 30 16 18 4 24 45 8 46 51 3 19 26 6 5 41 52 42 39 
Cost: 4304.42
Prize: 18071
Probabilidade: 0.682247
Min Prob: 0.7

Origem: Perturbacao
Tour: 0 34 22 21 39 9 37 23 27 20 49 38 1 15 11 8 41 28 54 52 46 14 13 48 18 45 43 2 10 44 12 55 50 53 40 29 16 7 26 0 
Not visited: 30 3 5 4 24 6 42 25 17 51 31 19 33 32 47 36 35 
Cost: 6368.69
Prize: 19633
Probabilidade: 0.894497
Min Prob: 0.7

Origem: Local search
Tour: 0 34 22 21 39 42 23 27 20 49 38 1 15 11 8 41 28 54 13 14 3 31 33 7 16 29 40 5 2 10 44 12 55 50 53 47 37 0 
Not visited: 30 48 43 4 24 18 6 46 17 51 35 19 26 32 45 36 52 25 9 
Cost: 4757.26
Prize: 18421
Probabilidade: 0.682312
Min Prob: 0.7

Origem: Perturbacao
Tour: 0 34 22 21 52 46 14 13 55 50 53 18 45 23 27 20 42 32 49 38 1 36 15 11 8 41 28 54 16 7 43 2 10 44 12 39 9 37 40 29 0 
Not visited: 30 3 5 26 4 24 6 25 17 51 31 19 33 47 48 35 
Cost: 6588.8
Prize: 20180
Probabilidade: 0.90388
Min Prob: 0.7

Origem: Local search
Tour: 0 34 3 33 16 2 10 44 12 5 29 40 37 9 48 6 45 18 23 27 20 19 32 49 38 1 36 15 11 8 41 28 13 14 52 46 25 35 0 
Not visited: 30 31 47 26 4 53 50 22 17 51 43 42 7 39 55 21 24 54 
Cost: 4560.74
Prize: 19579
Probabilidade: 0.704528
Min Prob: 0.7

Origem: Perturbacao
Tour: 0 34 22 21 20 49 38 1 15 11 8 41 28 54 52 46 35 14 13 7 43 2 10 44 12 55 50 53 18 45 23 27 29 16 39 9 37 40 0 
Not visited: 30 3 5 26 4 24 6 42 25 17 51 31 19 33 32 47 48 36 
Cost: 6188.67
Prize: 18709
Probabilidade: 0.745955
Min Prob: 0.7

Origem: Local search
Tour: 0 34 9 48 42 20 27 23 45 18 53 50 55 12 44 10 2 16 33 31 25 35 46 14 13 54 28 41 8 11 15 1 38 49 39 21 22 0 
Not visited: 30 40 5 26 4 24 6 29 37 17 51 3 19 7 32 47 43 36 52 
Cost: 4154
Prize: 18070
Probabilidade: 0.714315
Min Prob: 0.7

Origem: Perturbacao
Tour: 0 34 20 49 38 1 15 11 8 41 28 54 52 46 14 13 10 44 12 55 50 53 24 18 45 23 27 7 17 43 2 22 21 39 9 37 40 29 16 0 
Not visited: 30 3 5 26 4 6 42 25 51 31 19 33 32 47 48 36 35 
Cost: 7185.93
Prize: 19155
Probabilidade: 0.795816
Min Prob: 0.7

Origem: Local search
Tour: 0 34 22 9 39 21 38 1 15 11 8 41 28 54 13 14 35 25 31 33 16 7 17 43 2 44 12 55 50 53 24 18 45 6 47 37 40 29 3 0 
Not visited: 30 5 10 26 4 23 20 46 51 49 19 42 32 27 48 36 52 
Cost: 4527.53
Prize: 18501
Probabilidade: 0.53074
Min Prob: 0.7

Origem: Perturbacao
Tour: 0 27 20 49 38 1 36 15 11 8 41 28 54 52 46 14 13 44 12 55 50 53 18 45 23 33 16 4 7 43 2 10 34 22 21 39 9 37 40 29 0 
Not visited: 30 3 5 26 24 6 42 25 17 51 31 19 32 47 48 35 
Cost: 7175.13
Prize: 19964
Probabilidade: 0.846097
Min Prob: 0.7

Origem: Local search
Tour: 0 34 22 21 39 9 37 40 29 33 16 7 43 2 5 55 50 53 18 45 23 20 32 49 38 1 36 15 11 8 41 28 54 52 46 14 13 0 
Not visited: 30 44 10 4 24 12 27 25 26 51 31 19 42 6 3 35 47 17 48 
Cost: 3910.22
Prize: 18213
Probabilidade: 0.609731
Min Prob: 0.7

Origem: Perturbacao
Tour: 0 54 52 46 35 14 13 26 43 2 10 44 12 55 50 53 18 45 23 27 20 49 38 1 15 11 8 41 28 21 39 9 37 40 29 16 7 34 22 0 
Not visited: 30 3 5 4 24 6 42 25 17 51 31 19 33 32 47 48 36 
Cost: 5614.77
Prize: 19308
Probabilidade: 0.860057
Min Prob: 0.7

Origem: Local search
Tour: 0 13 14 35 46 52 54 28 41 8 11 15 1 38 49 20 27 23 45 18 53 50 55 12 44 10 2 16 33 31 29 40 37 9 21 22 34 0 
Not visited: 30 7 5 4 24 6 42 25 17 51 43 19 26 32 47 48 36 3 39 
Cost: 3985.85
Prize: 18277
Probabilidade: 0.696115
Min Prob: 0.7

Origem: Perturbacao
Tour: 0 34 22 21 39 9 49 38 1 15 11 8 41 28 54 52 46 14 13 12 55 50 53 18 45 23 27 20 43 2 10 44 37 40 29 16 7 26 31 0 
Not visited: 30 3 5 4 24 6 42 25 17 51 19 33 32 47 48 36 35 
Cost: 6796.7
Prize: 19583
Probabilidade: 0.903189
Min Prob: 0.7

Origem: Local search
Tour: 0 34 22 3 33 16 29 40 5 2 10 44 12 55 50 53 18 45 6 47 48 9 21 39 42 49 38 1 15 11 8 41 28 54 52 46 14 13 0 
Not visited: 30 31 43 4 24 20 23 25 17 51 19 26 32 37 27 36 35 7 
Cost: 4556.91
Prize: 19299
Probabilidade: 0.709075
Min Prob: 0.7

Origem: Perturbacao
Tour: 0 34 22 21 39 15 11 8 41 28 54 52 46 14 13 31 2 10 44 12 55 50 53 18 45 23 27 20 49 38 1 40 29 16 7 43 4 33 9 37 0 
Not visited: 30 3 5 26 24 6 42 25 17 51 19 32 47 48 36 35 
Cost: 6274.21
Prize: 19953
Probabilidade: 0.871575
Min Prob: 0.7

Origem: Local search
Tour: 0 34 22 21 39 3 31 33 16 7 43 29 40 5 10 44 12 55 50 53 18 45 23 27 20 49 38 15 11 8 41 28 54 52 46 14 13 0 
Not visited: 30 37 2 26 24 6 42 25 4 51 19 32 47 1 36 35 48 17 9 
Cost: 4290.05
Prize: 18351
Probabilidade: 0.629121
Min Prob: 0.7

Origem: Perturbacao
Tour: 0 34 22 38 1 15 11 8 41 28 54 52 46 14 13 37 47 40 29 16 7 43 2 10 44 12 55 50 53 18 45 23 27 20 49 39 9 21 0 
Not visited: 30 3 5 26 4 24 6 42 25 17 51 31 19 33 32 48 36 35 
Cost: 4969.16
Prize: 19238
Probabilidade: 0.791379
Min Prob: 0.7

Origem: Local search
Tour: 0 34 22 21 39 9 37 40 29 16 7 43 2 10 44 12 55 50 53 18 45 23 27 20 49 38 1 15 11 8 41 28 54 52 46 14 13 0 
Not visited: 30 3 5 26 4 24 6 47 25 17 51 31 19 33 42 48 36 35 32 
Cost: 3835.45
Prize: 18481
Probabilidade: 0.70426
Min Prob: 0.7

Origem: Perturbacao
Tour: 0 34 22 21 28 54 52 46 14 13 18 45 23 27 20 42 49 38 1 15 11 8 41 43 2 10 44 12 55 50 53 39 9 37 40 29 16 7 0 
Not visited: 30 3 5 26 4 24 6 25 17 51 31 19 33 32 47 48 36 35 
Cost: 6608.02
Prize: 19254
Probabilidade: 0.834757
Min Prob: 0.7

Origem: Local search
Tour: 0 34 22 3 31 29 40 37 9 48 47 5 2 10 44 12 55 50 53 18 45 23 20 32 49 38 1 15 11 8 41 28 54 52 46 14 13 0 
Not visited: 30 7 43 26 4 6 39 25 17 51 16 19 33 42 21 27 36 35 24 
Cost: 4323.98
Prize: 18764
Probabilidade: 0.712802
Min Prob: 0.7

Origem: Perturbacao
Tour: 0 34 22 21 39 9 37 40 27 20 49 38 1 15 11 8 41 28 54 52 46 14 13 48 23 12 55 50 53 18 45 29 16 7 26 51 43 2 10 44 0 
Not visited: 30 3 5 4 24 6 42 25 17 31 19 33 32 47 36 35 
Cost: 6841.38
Prize: 20236
Probabilidade: 0.947542
Min Prob: 0.7

Origem: Local search
Tour: 0 34 22 21 9 37 40 29 33 16 7 26 17 43 5 55 50 53 18 45 23 27 20 49 38 1 15 11 8 41 28 54 52 46 14 13 0 
Not visited: 30 3 44 4 47 10 42 25 51 31 19 48 32 12 36 35 6 24 2 39 
Cost: 3900.79
Prize: 18068
Probabilidade: 0.680681
Min Prob: 0.7

Origem: Perturbacao
Tour: 0 34 8 41 28 54 52 46 14 13 39 9 48 37 40 29 16 4 7 43 2 10 44 12 55 50 53 18 45 23 27 20 49 38 1 15 11 21 22 0 
Not visited: 30 3 5 26 24 6 42 25 17 51 31 19 33 32 47 36 35 
Cost: 4764.1
Prize: 19631
Probabilidade: 0.830284
Min Prob: 0.7

Origem: Local search
Tour: 0 13 14 46 52 54 28 41 8 11 15 1 38 49 20 27 23 45 18 53 50 55 12 44 10 2 43 7 16 29 40 37 9 39 21 22 34 0 
Not visited: 30 3 5 26 24 6 42 25 17 51 31 19 4 32 47 36 35 48 33 
Cost: 3835.45
Prize: 18481
Probabilidade: 0.70426
Min Prob: 0.7

Origem: Perturbacao
Tour: 0 34 22 21 39 9 11 8 41 28 54 52 46 14 13 16 7 43 2 10 44 12 55 50 53 24 18 45 23 27 20 49 38 1 15 40 29 37 0 
Not visited: 30 3 5 26 4 6 42 25 17 51 31 19 33 32 47 48 36 35 
Cost: 5134.78
Prize: 18839
Probabilidade: 0.756511
Min Prob: 0.7

Origem: Local search
Tour: 0 34 22 21 39 9 48 42 11 15 1 38 49 20 27 23 45 18 24 53 50 55 12 44 10 2 16 33 31 25 35 14 13 54 28 41 8 0 
Not visited: 30 3 5 26 4 37 40 46 17 51 43 19 7 32 47 29 36 52 6 
Cost: 4042.22
Prize: 17803
Probabilidade: 0.713755
Min Prob: 0.7

Origem: Perturbacao
Tour: 0 34 22 21 39 9 37 40 47 45 23 27 20 49 38 1 15 11 8 41 28 54 52 46 14 13 2 10 44 12 55 50 53 18 5 43 29 16 7 26 0 
Not visited: 30 3 4 24 6 42 25 17 51 31 19 33 32 48 36 35 
Cost: 6523.8
Prize: 20336
Probabilidade: 0.908259
Min Prob: 0.7

Origem: Local search
Tour: 0 34 22 21 39 9 37 40 29 33 16 7 43 2 44 12 55 50 53 18 45 23 27 20 32 49 38 1 15 11 8 41 28 54 52 46 14 13 0 
Not visited: 30 5 4 24 10 47 25 26 51 3 19 17 42 31 36 35 6 48 
Cost: 3923.58
Prize: 18780
Probabilidade: 0.715852
Min Prob: 0.7

Origem: Perturbacao
Tour: 0 34 22 21 39 9 37 11 8 41 28 54 52 46 14 13 50 53 18 45 23 27 20 19 49 38 1 15 33 16 7 43 2 10 44 12 55 40 29 0 
Not visited: 30 3 5 26 4 24 6 42 25 17 51 31 32 47 48 36 35 
Cost: 6574.49
Prize: 19532
Probabilidade: 0.864792
Min Prob: 0.7

Origem: Local search
Tour: 0 34 22 21 39 9 37 40 29 16 7 43 2 10 44 12 55 50 53 18 45 23 27 20 49 38 1 15 11 8 41 28 54 52 46 14 13 0 
Not visited: 30 3 47 26 4 24 6 42 25 17 51 31 19 5 33 36 35 48 32 
Cost: 3835.45
Prize: 18481
Probabilidade: 0.70426
Min Prob: 0.7

Origem: Perturbacao
Tour: 0 2 10 44 12 55 50 53 18 45 23 27 20 49 38 1 15 11 8 41 28 54 52 46 35 14 13 7 43 39 9 37 40 29 16 34 22 21 0 
Not visited: 30 3 47 26 4 24 6 42 25 17 51 31 19 5 33 36 48 32 
Cost: 6345.35
Prize: 18709
Probabilidade: 0.745955
Min Prob: 0.7

Origem: Local search
Tour: 0 34 22 9 37 40 29 5 10 44 12 55 50 53 18 45 23 27 20 49 38 1 15 11 8 41 28 54 13 14 46 35 25 31 33 7 16 3 0 
Not visited: 30 39 47 26 4 24 6 42 52 17 51 43 19 2 21 36 48 32 
Cost: 4474.43
Prize: 18645
Probabilidade: 0.642626
Min Prob: 0.7

Origem: Perturbacao
Tour: 0 34 22 21 39 9 37 40 23 27 20 49 38 1 15 11 8 41 28 54 52 46 25 14 13 12 30 55 50 53 18 45 10 44 29 16 7 43 2 31 0 
Not visited: 3 47 26 4 24 6 42 17 51 19 5 33 36 35 48 32 
Cost: 6864.67
Prize: 20128
Probabilidade: 0.910544
Min Prob: 0.7

Origem: Local search
Tour: 0 34 22 21 39 9 3 33 16 5 55 50 53 18 45 6 47 40 29 37 48 23 27 20 49 38 1 15 11 8 41 28 54 52 46 35 14 13 0 
Not visited: 31 30 26 4 24 10 42 17 51 19 12 7 36 25 44 32 43 2 
Cost: 4481.46
Prize: 19226
Probabilidade: 0.711809
Min Prob: 0.7

Origem: Perturbacao
Tour: 0 34 22 21 39 9 15 11 8 41 28 54 52 46 25 14 13 48 18 45 23 27 20 49 38 1 36 43 2 10 44 12 55 50 53 37 40 29 16 7 0 
Not visited: 30 3 47 26 4 24 6 42 17 51 31 19 5 33 35 32 
Cost: 6603.44
Prize: 20052
Probabilidade: 0.876011
Min Prob: 0.7

Origem: Local search
Tour: 0 34 22 21 9 37 29 40 47 5 10 44 12 55 50 53 24 18 45 23 27 20 32 49 38 1 36 15 11 8 41 28 54 52 46 35 14 13 0 
Not visited: 30 7 43 26 4 6 39 48 17 51 16 19 2 33 25 42 31 3 
Cost: 3837.75
Prize: 18718
Probabilidade: 0.659647
Min Prob: 0.7

Origem: Perturbacao
Tour: 0 34 22 21 39 53 18 45 23 27 20 49 38 1 15 11 8 41 28 54 52 46 35 14 13 4 43 2 10 44 12 55 50 7 9 37 40 29 16 0 
Not visited: 30 3 47 26 24 6 42 25 17 51 31 19 5 33 36 48 32 
Cost: 7012.35
Prize: 19306
Probabilidade: 0.783506
Min Prob: 0.7

Origem: Local search
Tour: 0 34 22 21 39 48 6 45 18 27 20 49 38 1 15 11 8 41 28 54 13 14 35 25 31 33 16 2 10 44 12 55 50 53 47 37 40 29 3 0 
Not visited: 30 43 9 26 24 7 42 46 17 51 52 19 5 4 36 23 32 
Cost: 4614.31
Prize: 19090
Probabilidade: 0.672219
Min Prob: 0.7

Origem: Perturbacao
Tour: 0 34 22 14 13 44 12 55 50 53 18 45 23 27 20 42 49 38 1 36 15 11 8 41 28 54 52 46 16 7 43 2 10 21 39 9 37 40 29 0 
Not visited: 30 3 47 26 4 24 6 25 17 51 31 19 5 33 35 48 32 
Cost: 6356.17
Prize: 19768
Probabilidade: 0.883318
Min Prob: 0.7

Origem: Local search
Tour: 0 34 22 21 39 9 37 40 29 33 16 47 6 55 50 53 18 45 23 27 20 32 49 38 1 36 15 11 8 41 28 54 52 46 35 14 13 0 
Not visited: 30 3 44 26 4 24 12 25 17 51 31 19 10 2 43 5 42 7 48 
Cost: 3993.52
Prize: 18552
Probabilidade: 0.617893
Min Prob: 0.7

Origem: Perturbacao
Tour: 0 34 22 21 39 9 37 40 38 1 15 11 8 41 28 54 52 46 14 13 53 18 45 23 27 20 49 42 44 12 55 50 29 16 7 43 2 10 0 
Not visited: 30 3 47 26 4 24 6 25 17 51 31 19 5 33 36 35 48 32 
Cost: 7103.2
Prize: 19254
Probabilidade: 0.834757
Min Prob: 0.7

Origem: Local search
Tour: 0 34 9 48 6 45 18 23 27 24 53 50 55 5 2 43 16 33 31 3 14 13 54 28 41 8 11 15 36 1 38 49 42 39 21 22 0 
Not visited: 30 10 47 26 4 20 44 25 17 51 35 52 29 7 40 46 12 37 19 32 
Cost: 4306.72
Prize: 17992
Probabilidade: 0.709317
Min Prob: 0.7

Origem: Perturbacao
Tour: 0 34 22 21 27 20 49 38 1 15 11 8 41 28 54 52 46 35 14 13 31 7 43 2 10 44 12 55 50 53 18 45 23 37 40 29 16 39 9 0 
Not visited: 30 3 47 26 4 24 6 42 25 17 51 19 5 33 36 48 32 
Cost: 5736.9
Prize: 19212
Probabilidade: 0.842628
Min Prob: 0.7

Origem: Local search
Tour: 0 34 9 48 37 40 47 6 45 18 53 50 55 12 44 10 2 16 33 31 25 35 46 14 13 54 28 41 8 11 15 1 38 49 32 42 39 21 22 0 
Not visited: 30 3 29 26 4 24 23 27 52 17 51 19 5 7 36 43 20 
Cost: 4398.85
Prize: 19071
Probabilidade: 0.666789
Min Prob: 0.7

Origem: Perturbacao
Tour: 0 34 20 49 38 1 36 15 11 8 41 28 54 52 46 14 13 43 2 10 44 12 55 50 53 18 45 23 27 40 29 16 7 22 21 39 9 37 0 
Not visited: 30 3 47 26 4 24 6 42 25 17 51 31 19 5 33 35 48 32 
Cost: 6303.26
Prize: 18995
Probabilidade: 0.778597
Min Prob: 0.7

Origem: Local search
Tour: 0 34 9 37 29 40 47 6 45 18 53 50 55 12 44 10 2 16 33 31 25 35 14 13 54 28 41 8 11 15 36 1 38 49 42 39 21 22 0 
Not visited: 30 43 48 26 4 24 23 20 46 17 51 3 19 5 7 52 27 32 
Cost: 4285.4
Prize: 18487
Probabilidade: 0.606591
Min Prob: 0.7

Origem: Perturbacao
Tour: 0 34 22 21 39 53 18 45 23 27 20 19 49 38 1 15 11 8 41 28 54 52 46 25 35 14 13 55 50 10 44 12 9 37 40 29 16 7 43 2 0 
Not visited: 30 3 47 26 4 24 6 42 17 51 31 5 33 36 48 32 
Cost: 6742.32
Prize: 19892
Probabilidade: 0.882057
Min Prob: 0.7

Origem: Local search
Tour: 0 34 22 21 39 48 9 3 33 16 29 40 37 47 55 50 53 18 45 23 27 20 32 49 38 1 15 11 8 41 28 54 52 46 25 35 14 13 0 
Not visited: 30 2 44 26 4 6 12 42 17 51 31 5 43 36 10 19 7 24 
Cost: 4068.48
Prize: 19019
Probabilidade: 0.702976
Min Prob: 0.7

Origem: Perturbacao
Tour: 0 10 44 12 30 55 50 53 18 45 6 23 27 20 49 38 1 36 15 11 8 41 28 54 52 46 14 13 7 43 2 21 39 9 37 40 29 16 34 22 0 
Not visited: 3 47 26 4 24 42 25 17 51 31 19 5 33 35 48 32 
Cost: 6607.77
Prize: 20259
Probabilidade: 0.893499
Min Prob: 0.7

Origem: Local search
Tour: 0 34 22 21 9 37 40 29 33 16 7 17 43 2 10 44 12 55 50 53 18 45 6 23 27 20 49 38 1 36 15 11 8 41 28 54 13 14 0 
Not visited: 26 5 31 4 24 42 25 3 51 52 19 47 35 46 48 32 30 39 
Cost: 3876.97
Prize: 18617
Probabilidade: 0.677755
Min Prob: 0.7

Origem: Perturbacao
Tour: 0 34 22 28 54 52 46 14 13 12 55 50 53 24 18 45 23 27 20 49 38 1 15 11 8 41 4 7 43 2 10 44 6 21 39 9 37 40 29 16 0 
Not visited: 30 3 47 26 42 25 17 51 31 19 5 33 36 35 48 32 
Cost: 7196.69
Prize: 20060
Probabilidade: 0.824883
Min Prob: 0.7

Origem: Local search
Tour: 0 34 22 3 31 33 16 7 43 29 40 37 9 21 39 48 6 55 50 53 24 18 45 23 27 20 49 38 1 15 11 8 28 54 13 14 35 25 0 
Not visited: 30 2 12 26 42 46 17 51 41 19 44 4 36 52 47 32 10 5 
Cost: 4371.2
Prize: 18484
Probabilidade: 0.6749
Min Prob: 0.7

Origem: Perturbacao
Tour: 0 34 22 21 52 46 14 13 29 33 16 7 43 2 10 44 12 55 50 53 18 45 23 27 20 19 49 38 1 15 11 8 41 28 54 37 40 47 39 9 0 
Not visited: 30 3 26 4 24 6 42 25 17 51 31 5 36 35 48 32 
Cost: 5783.93
Prize: 20289
Probabilidade: 0.911931
Min Prob: 0.7

Origem: Local search
Tour: 0 34 9 37 40 29 33 16 7 43 2 10 44 12 55 50 53 18 45 23 27 20 32 49 38 1 15 11 8 41 28 54 13 14 52 46 35 0 
Not visited: 30 48 26 4 24 6 42 22 17 51 47 5 36 21 39 19 3 31 25 
Cost: 3914.78
Prize: 18575
Probabilidade: 0.701704
Min Prob: 0.7

Origem: Perturbacao
Tour: 0 34 48 44 12 55 50 53 18 45 23 27 20 49 38 1 15 11 8 41 28 54 52 46 14 13 2 10 7 43 22 21 39 9 37 40 29 16 0 
Not visited: 30 3 47 26 4 24 6 42 25 17 51 31 19 5 33 36 35 32 
Cost: 6729.88
Prize: 19034
Probabilidade: 0.79878
Min Prob: 0.7

Origem: Local search
Tour: 0 34 22 21 39 48 9 3 31 33 16 29 40 47 6 55 50 53 18 45 23 27 20 49 38 1 15 11 8 41 28 54 52 46 14 13 0 
Not visited: 30 10 44 26 4 24 12 42 25 17 51 2 19 5 43 36 35 32 7 37 
Cost: 3998.12
Prize: 18608
Probabilidade: 0.700704
Min Prob: 0.7

Origem: Perturbacao
Tour: 0 34 22 21 39 45 23 27 20 49 38 1 15 11 8 41 28 54 52 46 14 13 2 10 44 12 55 50 53 18 5 7 43 4 9 37 40 29 16 0 
Not visited: 30 3 47 26 24 6 42 25 17 51 31 19 33 36 35 48 32 
Cost: 6905.3
Prize: 19577
Probabilidade: 0.783592
Min Prob: 0.7

Origem: Local search
Tour: 0 34 22 21 39 42 27 20 49 38 1 15 11 8 41 28 54 13 14 3 31 33 16 7 43 2 10 44 12 55 50 53 47 40 29 0 
Not visited: 30 4 18 26 24 6 45 46 17 51 5 19 9 36 52 48 32 35 37 25 23 
Cost: 4338.3
Prize: 17523
Probabilidade: 0.600299
Min Prob: 0.7

Origem: Perturbacao
Tour: 0 34 22 21 39 9 37 11 8 41 28 54 52 46 14 13 2 10 44 12 55 50 53 18 45 23 27 20 49 38 1 15 43 40 29 16 7 33 0 
Not visited: 30 3 47 26 4 24 6 42 25 17 51 31 19 5 36 35 48 32 
Cost: 6607
Prize: 18853
Probabilidade: 0.750876
Min Prob: 0.7

Origem: Local search
Tour: 0 34 22 21 39 9 37 40 29 33 16 43 2 10 44 12 55 50 53 18 45 23 27 20 49 38 1 36 15 11 8 41 28 54 13 14 35 0 
Not visited: 30 52 47 26 4 24 6 3 25 17 51 31 19 5 42 46 7 32 48 
Cost: 3868.79
Prize: 17897
Probabilidade: 0.62317
Min Prob: 0.7

Origem: Perturbacao
Tour: 0 34 22 21 39 9 37 15 11 8 41 28 54 52 46 14 13 6 55 50 53 24 18 45 23 27 20 49 38 1 5 2 10 44 12 40 29 16 7 43 0 
Not visited: 30 3 47 26 4 42 25 17 51 31 19 33 36 35 48 32 
Cost: 6777.37
Prize: 19962
Probabilidade: 0.825559
Min Prob: 0.7

Origem: Local search
Tour: 0 34 22 21 39 48 42 15 11 8 41 28 54 13 14 3 31 33 7 16 29 40 5 10 44 12 55 50 53 24 18 45 27 20 23 6 47 37 0 
Not visited: 30 35 1 26 4 38 25 17 51 52 19 43 36 46 49 32 2 9 
Cost: 4890.16
Prize: 19156
Probabilidade: 0.644211
Min Prob: 0.7

Origem: Perturbacao
Tour: 0 6 50 53 18 45 23 27 20 49 38 1 15 11 8 41 28 54 52 46 14 13 2 10 44 12 55 29 16 7 43 33 34 22 21 39 9 37 40 0 
Not visited: 30 3 47 26 4 24 42 25 17 51 31 19 5 36 35 48 32 
Cost: 6601.95
Prize: 19477
Probabilidade: 0.787926
Min Prob: 0.7

Origem: Local search
Tour: 0 34 3 33 16 7 17 43 2 10 5 29 40 37 9 39 48 6 50 53 18 45 23 27 20 49 38 1 15 11 8 41 28 54 52 46 14 13 0 
Not visited: 30 12 47 26 4 24 42 25 22 51 31 19 55 36 35 44 32 21 
Cost: 4694.14
Prize: 19243
Probabilidade: 0.705148
Min Prob: 0.7

Origem: Perturbacao
Tour: 0 34 22 21 1 15 11 8 41 28 54 52 46 14 13 44 12 30 55 50 53 18 45 23 27 20 49 38 43 2 10 5 39 9 37 40 29 16 7 0 
Not visited: 3 47 26 4 24 6 42 25 17 51 31 19 33 36 35 48 32 
Cost: 7345.65
Prize: 19620
Probabilidade: 0.848884
Min Prob: 0.7

Origem: Local search
Tour: 0 34 22 21 39 9 48 37 40 29 5 44 12 30 55 50 53 24 18 45 6 23 27 20 49 38 1 15 11 8 41 28 54 52 46 14 13 0 
Not visited: 7 43 26 4 10 2 3 25 17 51 16 19 33 36 35 42 32 31 47 
Cost: 3787.24
Prize: 18474
Probabilidade: 0.63474
Min Prob: 0.7

Origem: Perturbacao
Tour: 0 34 22 21 39 9 37 38 1 36 15 11 8 41 28 54 52 46 25 14 13 44 12 55 50 53 24 18 45 23 27 20 49 10 40 29 16 7 43 2 0 
Not visited: 30 3 47 26 4 6 42 17 51 31 19 5 33 35 48 32 
Cost: 6971.07
Prize: 19857
Probabilidade: 0.845868
Min Prob: 0.7

Origem: Local search
Tour: 0 34 9 48 23 27 45 18 24 53 50 55 47 40 29 16 33 31 25 35 46 14 13 54 28 41 8 11 15 36 1 38 49 42 39 21 22 0 
Not visited: 30 2 12 26 4 20 44 17 51 3 19 5 43 52 10 6 32 7 37 
Cost: 4252.24
Prize: 18515
Probabilidade: 0.710838
Min Prob: 0.7

Origem: Perturbacao
Tour: 0 34 22 21 27 20 49 38 1 15 11 8 41 28 54 52 46 14 13 55 50 53 18 45 23 2 10 44 12 48 39 9 37 40 29 16 7 43 17 4 0 
Not visited: 30 3 47 26 24 6 42 25 51 31 19 5 33 36 35 32 
Cost: 6903.63
Prize: 19947
Probabilidade: 0.860474
Min Prob: 0.7

Origem: Local search
Tour: 0 34 22 21 39 48 9 3 33 7 17 43 2 5 29 40 37 47 6 45 18 53 50 24 27 20 32 49 38 1 15 11 8 41 28 54 52 46 14 13 0 
Not visited: 30 4 12 26 55 10 23 25 51 31 19 44 16 36 35 42 
Cost: 4583.84
Prize: 19549
Probabilidade: 0.684478
Min Prob: 0.7

Origem: Perturbacao
Tour: 0 34 49 38 1 15 11 8 41 28 54 52 46 14 13 51 26 43 2 10 44 12 55 50 53 18 45 23 27 20 42 37 40 29 16 7 22 21 39 9 0 
Not visited: 30 3 47 4 24 6 25 17 31 19 5 33 36 35 48 32 
Cost: 6101.62
Prize: 20456
Probabilidade: 0.959681
Min Prob: 0.7

Origem: Local search
Tour: 0 34 9 37 29 40 47 6 23 20 27 45 18 53 50 55 12 44 10 2 16 33 31 25 35 14 13 54 28 41 8 11 15 1 38 49 39 21 22 0 
Not visited: 30 7 43 4 24 42 46 17 51 19 5 26 36 52 3 32 48 
Cost: 4512.36
Prize: 19142
Probabilidade: 0.713463
Min Prob: 0.7

Origem: Perturbacao
Tour: 0 34 22 21 39 9 37 20 49 38 1 15 11 8 41 28 54 52 46 14 13 47 55 50 53 18 45 23 27 24 44 12 40 29 16 7 51 43 2 10 0 
Not visited: 30 3 26 4 6 42 25 17 31 19 5 33 36 35 48 32 
Cost: 6975.03
Prize: 20199
Probabilidade: 0.907615
Min Prob: 0.7

Origem: Local search
Tour: 0 34 22 21 39 11 15 36 1 38 49 32 20 27 23 45 18 53 50 55 6 47 37 40 29 43 17 7 16 33 31 3 14 13 54 28 41 0 
Not visited: 30 10 26 4 24 5 46 51 35 19 12 2 9 52 44 42 8 25 48 
Cost: 3982.95
Prize: 18072
Probabilidade: 0.596811
Min Prob: 0.7

Origem: Perturbacao
Tour: 0 34 8 41 28 54 52 46 35 14 13 40 29 16 7 26 43 2 10 44 12 55 50 53 18 45 23 27 20 49 38 1 15 11 39 9 37 22 21 0 
Not visited: 30 3 47 4 24 6 42 25 17 51 31 19 5 33 36 48 32 
Cost: 4957.41
Prize: 19308
Probabilidade: 0.860057
Min Prob: 0.7

Origem: Local search
Tour: 0 34 22 21 39 9 48 11 15 1 38 49 20 27 23 45 18 53 50 55 12 44 10 2 43 17 7 16 33 31 25 35 46 14 13 54 28 41 0 
Not visited: 30 40 47 4 24 6 42 52 26 51 3 19 5 29 36 37 32 8 
Cost: 3963.28
Prize: 17868
Probabilidade: 0.700684
Min Prob: 0.7

Origem: Perturbacao
Tour: 0 34 22 21 39 9 45 23 27 20 42 49 38 1 15 11 8 41 28 54 52 46 14 13 44 12 55 50 53 18 16 7 43 2 10 37 40 29 0 
Not visited: 30 3 47 26 4 24 6 25 17 51 31 19 5 33 36 35 48 32 
Cost: 6103.52
Prize: 19254
Probabilidade: 0.834757
Min Prob: 0.7

Origem: Local search
Tour: 0 34 22 21 39 42 23 27 20 32 49 38 1 15 11 8 41 28 54 13 14 35 25 31 33 16 43 2 5 55 50 53 6 47 37 40 29 0 
Not visited: 30 3 44 26 4 24 12 46 7 51 17 19 10 18 36 52 45 48 9 
Cost: 4516.51
Prize: 18602
Probabilidade: 0.682
Min Prob: 0.7

Origem: Perturbacao
Tour: 0 34 22 21 39 9 37 8 41 28 54 52 46 25 14 13 43 2 5 10 44 12 55 50 53 18 45 23 27 20 49 38 1 15 11 48 7 40 29 16 0 
Not visited: 30 3 47 26 4 24 6 42 17 51 31 19 33 36 35 32 
Cost: 6690.6
Prize: 20037
Probabilidade: 0.854171
Min Prob: 0.7

Origem: Local search
Tour: 0 34 22 21 39 9 48 37 40 29 5 2 10 44 12 55 50 53 18 45 23 27 20 32 49 38 1 15 11 8 41 28 54 52 46 35 14 13 0 
Not visited: 30 31 7 26 4 24 6 47 17 51 33 19 16 36 25 42 3 43 
Cost: 3706.92
Prize: 18516
Probabilidade: 0.646731
Min Prob: 0.7

Origem: Perturbacao
Tour: 0 34 22 21 39 42 23 27 20 49 38 1 15 11 8 41 28 54 52 46 25 14 13 53 18 45 7 43 2 10 44 12 30 55 50 9 37 40 29 16 0 
Not visited: 3 47 26 4 24 6 17 51 31 19 5 33 36 35 48 32 
Cost: 6850.22
Prize: 20398
Probabilidade: 0.922721
Min Prob: 0.7

Origem: Local search
Tour: 0 34 22 21 39 9 48 47 37 40 29 5 10 44 12 55 50 53 18 45 6 23 27 20 32 49 38 1 15 11 8 41 28 54 52 46 14 13 0 
Not visited: 16 35 26 4 24 7 17 51 31 19 43 33 36 25 30 42 2 3 
Cost: 3814.76
Prize: 19130
Probabilidade: 0.673386
Min Prob: 0.7

Origem: Perturbacao
Tour: 0 34 22 21 39 9 37 40 38 1 15 11 8 41 28 54 52 46 14 13 44 12 30 55 50 53 18 45 23 27 20 19 49 7 43 2 10 29 16 33 0 
Not visited: 3 47 26 4 24 6 42 25 17 51 31 5 36 35 48 32 
Cost: 7328.11
Prize: 20172
Probabilidade: 0.928033
Min Prob: 0.7

Origem: Local search
Tour: 0 34 22 21 39 9 37 40 29 16 7 43 2 10 44 12 55 50 53 18 45 23 20 32 49 38 1 36 15 11 8 41 28 54 52 46 14 13 0 
Not visited: 17 30 26 4 24 6 27 25 33 51 31 5 42 35 47 19 48 3 
Cost: 3928.81
Prize: 18667
Probabilidade: 0.71322
Min Prob: 0.7

Origem: Perturbacao
Tour: 0 34 22 21 39 9 53 24 18 45 23 27 20 49 38 1 15 11 8 41 28 54 52 46 35 14 13 3 16 7 43 2 10 44 12 55 50 40 29 37 0 
Not visited: 30 47 26 4 6 42 25 17 51 31 19 5 33 36 48 32 
Cost: 5365.76
Prize: 19615
Probabilidade: 0.840941
Min Prob: 0.7

Origem: Local search
Tour: 0 34 22 21 39 9 48 6 45 18 23 27 20 49 38 1 15 11 8 41 28 54 13 14 46 35 25 31 33 16 43 2 10 44 12 5 40 29 3 0 
Not visited: 30 50 26 4 24 42 52 17 51 37 19 47 7 36 53 32 55 
Cost: 4568.07
Prize: 19230
Probabilidade: 0.654138
Min Prob: 0.7

Origem: Perturbacao
Tour: 0 34 22 21 39 9 37 40 53 18 45 23 27 20 49 38 1 15 11 8 41 28 54 52 46 14 13 6 55 50 43 2 10 44 30 12 29 16 7 0 
Not visited: 3 47 26 4 24 42 25 17 51 31 19 5 33 36 35 48 32 
Cost: 6976.87
Prize: 19745
Probabilidade: 0.848265
Min Prob: 0.7

Origem: Local search
Tour: 0 34 22 21 39 9 48 47 37 40 29 5 10 44 12 30 55 50 53 18 45 23 27 20 49 38 1 15 11 8 41 28 54 52 46 14 13 0 
Not visited: 7 2 26 4 6 42 25 17 51 16 19 43 33 36 35 3 32 31 24 
Cost: 3815.36
Prize: 18734
Probabilidade: 0.717151
Min Prob: 0.7

Origem: Perturbacao
Tour: 0 34 22 21 23 27 20 49 38 1 15 11 8 41 28 54 52 46 14 13 55 50 53 18 45 29 4 43 2 5 10 44 12 30 39 9 48 47 37 40 0 
Not visited: 7 26 6 42 25 17 51 16 19 33 36 35 3 32 31 24 
Cost: 7116.2
Prize: 20499
Probabilidade: 0.896154
Min Prob: 0.7

Origem: Local search
Tour: 0 34 3 16 43 2 10 44 55 50 53 18 45 6 47 40 29 37 48 9 21 39 42 32 49 38 1 15 11 8 41 28 54 52 46 14 13 0 
Not visited: 7 26 30 5 25 17 51 4 19 12 36 35 33 20 31 24 23 22 27 
Cost: 4457.77
Prize: 19163
Probabilidade: 0.691566
Min Prob: 0.7

Origem: Perturbacao
Tour: 0 34 22 20 49 38 1 15 11 8 41 28 54 52 46 14 13 7 12 30 55 50 53 24 18 45 23 27 48 47 37 40 29 5 2 10 44 21 39 9 0 
Not visited: 26 4 6 42 25 17 51 16 19 43 33 36 35 3 32 31 
Cost: 6721.17
Prize: 19974
Probabilidade: 0.854751
Min Prob: 0.7

Origem: Local search
Tour: 0 34 9 48 47 6 23 27 45 18 53 50 55 12 44 10 5 40 29 3 13 14 46 52 54 28 41 8 11 15 1 38 49 42 39 21 22 0 
Not visited: 26 4 30 20 25 17 51 16 19 43 33 36 35 7 32 31 2 37 24 
Cost: 4354.39
Prize: 19077
Probabilidade: 0.704865
Min Prob: 0.7

Origem: Perturbacao
Tour: 0 34 18 45 23 27 20 32 49 38 1 15 11 8 41 28 54 52 46 14 13 31 30 55 50 53 37 40 29 5 10 44 12 22 21 39 9 48 47 0 
Not visited: 7 2 26 4 6 42 25 17 51 16 19 43 33 36 35 3 24 
Cost: 6787.73
Prize: 19649
Probabilidade: 0.848908
Min Prob: 0.7

Origem: Local search
Tour: 0 34 22 21 39 9 48 37 40 29 5 10 44 12 55 50 53 24 18 45 23 27 20 32 49 38 1 15 11 8 41 28 54 52 46 25 35 14 13 0 
Not visited: 7 2 26 4 47 42 3 17 51 16 19 43 33 36 31 30 6 
Cost: 3682.81
Prize: 18839
Probabilidade: 0.664288
Min Prob: 0.7

Origem: Solucao Final
Tour: 0 34 22 21 39 9 48 47 37 40 29 5 10 44 12 30 55 50 53 18 45 23 27 20 49 38 1 15 11 8 41 28 54 52 46 14 13 0 
Not visited: 7 2 26 4 6 42 25 17 51 16 19 43 33 36 35 3 32 31 24 
Cost: 3815.36
Prize: 18734
Probabilidade: 0.717151
Min Prob: 0.7
